100
1 32 22
2 55 99
1 28 47
3 48 42
8 51 90
9 50 0
4 60 52
1 50 62
10 70 97
10 92 44
10 79 32
1 86 39
3 64 23
9 78 36
8 80 8
1 50 17
8 90 2
10 90 2
6 16 81
6 57 72
2 100 100
10 94 92
2 57 89
10 100 0
2 0 100
3 97 50
10 60 76
2 50 98
9 88 32
6 42 78
8 9 70
1 51 100
2 50 12
6 25 74
5 60 86
2 15 82
4 92 8
2 56 28
4 60 25
1 2 41
10 41 47
2 25 53
2 25 11
9 59 67
2 4 66
2 50 38
7 45 66
10 63 45
8 59 22
4 37 67
7 41 57
1 84 58
8 92 25
10 30 92
10 29 27
10 65 73
1 23 76
10 67 80
5 98 42
3 80 86
5 95 85
9 14 2
3 50 100
10 98 85
9 30 81
4 75 78
8 22 69
10 14 68
8 4 17
10 35 26
10 14 72
1 50 88
5 67 88
2 20 1
3 71 62
3 75 37
6 75 34
10 78 55
2 14 35
6 73 52
6 75 49
3 0 0
10 83 0
10 5 61
10 27 50
6 90 70
4 67 42
1 4 0
10 76 93
10 44 57
3 78 40
8 15 75
10 48 7
3 54 43
2 26 58
6 81 76
7 80 31
1 73 11
5 17 64
7 34 22
