100
10 11 35
2 56 67
2 60 52
2 57 14
3 40 49
8 0 0
4 75 37
7 40 54
8 60 49
10 59 9
10 5 86
10 100 100
6 34 16
6 85 6
4 79 51
1 50 35
10 88 15
5 31 69
10 18 86
10 5 37
6 81 44
6 31 74
6 63 42
5 10 86
8 30 25
2 54 25
6 83 54
10 30 14
4 80 13
7 27 24
3 75 76
1 48 100
7 65 88
7 8 21
7 80 57
9 87 15
4 63 65
10 64 27
10 50 0
8 26 51
10 66 33
5 60 36
10 38 44
2 25 27
3 25 22
9 13 8
4 48 44
10 94 45
6 77 82
10 18 45
10 69 69
10 98 16
10 22 86
4 75 9
8 30 33
7 65 13
2 9 60
10 57 56
2 77 85
7 8 57
7 24 90
1 50 40
4 16 76
1 50 12
6 27 68
6 25 58
10 88 90
8 52 5
10 70 25
10 10 42
8 45 44
2 50 81
2 50 32
3 8 16
10 86 32
7 59 80
10 12 100
2 50 54
9 49 30
4 85 63
5 40 98
7 50 100
9 64 25
9 99 69
5 49 13
10 35 7
3 0 100
3 98 5
2 25 29
6 85 75
4 92 23
1 53 0
10 55 38
10 56 39
5 13 82
5 88 78
9 13 74
4 81 65
8 100 0
6 19 62
