100
5
1 2 3 4 5
3
3 5 6
2
5 6
2
5 5
14
835562 236431 521597 496719 188061 60689 326659 759672 315236 48688 296299 948004 88477 148740
15
352018 202066 323783 495746 872481 547094 424876 180169 547651 876294 607812 84591 603734 731445 273475
11
8019 608044 427731 919388 145642 719740 346841 999187 98409 668187 581086
3
945324 284997 669161
3
89635 231464 185867
11
637254 161162 273920 209869 654663 848657 811307 763407 308610 83513 781256
3
370580 825202 602342
7
360551 509764 202849 276022 875 775805 99204
14
556842 937710 996172 96784 579005 248374 641489 143905 949473 810614 121478 674055 470511 393242
9
905552 459479 150014 932560 788963 729070 532552 746575 242390
9
9833 2521 9769 8252 6738 5266 8501 5633 420
2
4329 2661
15
8951 9729 6763 6040 4443 2819 7400 1172 6742 4745 9628 6621 3163 5965 5268
10
9672 421 3444 4211 9789 6755 5146 7581 9684 556
15
4882 4416 3625 8887 3837 4496 7876 8788 9037 1170 156 5154 588 8572 5084
13
9860 4877 2613 6556 141 4243 2756 9186 7800 8320 9820 3196 3008
15
8846 7720 3289 5630 2604 6709 3117 4975 9759 1284 7348 279 5358 8088 7956
7
8920 8863 9380 937 1631 6092 14041
14
4822 8571 7187 3854 3537 78 4020 8372 7132 4265 4906 1820 1034 3054
11
3763 6398 6857 5753 5147 6517 1314 5518 947 1696 3562
3
5149 8412 13505
4
6282 806 5405 3761
15
2741 1662 8428 8187 4937 8154 7221 2386 6038 9793 2124 2707 4084 4369 1989
15
4551 2624 3282 8574 9118 2735 7076 3656 5227 4400 938 7023 9441 2449 14872
8
1497 1665 3332 9939 2518 700 9187 4321
4
5069 2241 2973 4241
3
2957 2308 649
4
6635 2728 8742 12645
15
4466 9801 8810 5616 3746 8754 2900 8002 7873 4065 2826 8163 3294 1164 2342
13
6796 4180 6378 6537 6693 1958 6479 2252 2055 675 5054 1810 6579
10
4125 5624 3415 8938 5723 1578 6381 495 8598 701
6
2491 9156 4837 227 2376 12593
15
9102 5822 9228 5501 7840 1739 1550 2527 9863 482 755 9491 6736 4006 1672
10
7655 1894 5160 1626 6282 7246 7506 9990 9965 4238
13
9576 4261 5897 1692 5458 6769 9641 7270 1040 7356 8935 7738 14021
3
6083 6065 9832
13
5622 6385 1184 8592 747 3057 3084 2123 1789 1803 2296 6585 13789
12
2893 2609 3804 5614 4868 1980 5328 8485 6808 9059 495 7979
14
8458 1128 2521 7050 8124 4042 7314 7815 4029 7550 4976 648 8225 1608
11
847 9205 7147 6591 5166 4014 5702 6394 8699 153 5808
10
7085 7876 7241 515 8049 5282 2865 6305 914 242
8
1656 3174 4458 3974 4129 513 5558 8626
9
8352 411 6420 430 8174 9854 4133 271 4411
13
5258 4542 4242 2115 447 3400 2730 52 1623 5743 5349 9396 15333
15
7194 8409 9345 3146 1933 41 9715 2053 3685 3201 3900 7027 113 2951 8967
10
7716 3559 2976 7829 8639 2402 5732 915 2375 2433
14
4047 1075 415 6927 3901 8326 7797 1194 8212 2202 300 1880 8063 5517
7
3862 9971 3451 1875 8953 9417 1973
9
808 6536 1680 2079 1132 936 4682 4787 5981
3
7855 9823 14576
13
2645 3364 9486 2987 755 8123 4628 3327 3372 7752 6693 8222 808
12
3428 5830 4973 5117 8015 7431 6812 3228 6448 5597 5248 5911
14
45 3420 6288 2293 9849 1512 9670 9263 1621 5881 6196 7631 7173 13886
9
8646 6172 371 4129 2160 1205 3623 4893 8983
11
5513 5018 4470 9757 2236 7626 4667 3539 3104 4471 2957
9
800 3181 2478 6394 647 2257 1496 8960 5979
6
559 50 8050 2704 2006 3909
3
6615 2805 4898
13
4147 4578 2935 8331 9902 3776 1677 6816 1621 8244 2929 8330 2107
15
4610 9618 3067 273 6617 8201 4469 8667 9257 88 490 2738 368 14 1442
14
3813 453 2634 5877 371 364 6155 6755 2916 3711 500 7092 2995 4977
10
7021 2400 4844 9296 7404 2022 9201 3297 1494 5501
14
5762 2851 5759 7552 5526 8179 3598 243 5367 5455 939 6105 1389 119
7
6020 5387 2932 8850 2676 6107 7475
5
7360 8877 9521 6950 122
3
386 3299 3425
6
5978 9095 217 4087 5051 10312
14
8715 768 3050 5010 584 6170 9235 5114 1979 8784 8661 1036 8551 13725
5
3291 3328 371 1801 1953
10
9818 4007 6207 8094 3356 3832 7805 8900 3849 7688
13
9757 3806 2154 985 267 3356 5775 6312 9993 4346 5089 206 6687
6
5152 6327 5174 2630 3959 7568
8
7163 2316 3971 2665 5260 7501 1131 331
4
9081 7755 2254 13820
6
849 7857 2829 3981 8426 3873
15
3743 6992 4114 4614 7673 9325 4891 9310 5771 1292 590 9328 4766 3242 12935
8
4330 2332 9444 1938 8476 1454 1305 6955
4
5663 8817 227 829
10
4424 9200 6311 4757 9697 9112 9460 2643 8045 3897
4
9124 9338 5956 4250
9
6460 1664 7336 6504 1679 3979 8704 229 12701
4
9465 5039 4644 9586
14
1348 1168 7753 7589 8543 6787 3800 6902 1518 8650 8676 7373 9786 1584
3
2982 4320 6982
10
2141 5518 4597 1462 7038 852 7226 3652 5346 9860
12
5477 6275 9968 7734 6483 6750 390 2718 9973 642 7702 1876
15
1332 6785 5125 3529 7355 5558 1457 4293 4857 5207 7387 2415 8230 812 10768
5
5985 9024 3767 564 14498
12
1703 2893 5169 7486 1589 811 4627 7693 4349 1781 6521 8539
12
3594 6549 9978 3317 9955 3967 7675 8245 772 1650 6612 13664
5
2978 8542 1860 9446 2398
2
2215 1328
5
155 4378 8911 9784 5494
12
1342 8761 5488 1322 605 4603 2386 3296 1771 8725 6451 7300
14
8758 1950 5665 4023 1133 3013 2882 37 7844 3388 4390 1798 6917 9804
9
6837 9145 3770 3486 833 6495 9859 6261 272
