50
8
0.55 0.46 0.65 0.43 0.60 0.84 0.87 0.66
0.39 0.18 0.32 0.27 0.21 0.35 0.34 0.41
7
0.77 0.45 0.73 0.86 0.41 0.23 0.68
0.27 0.50 0.05 0.14 0.09 0.18 0.64
4
0.91 0.55 0.64 0.73
0.27 0.36 0.09 0.18
2
0.94 0.50
0.62 0.38
10
0.76 0.01 0.42 0.26 0.99 0.87 0.57 0.32 0.74 0.88
0.75 0.82 0.60 0.63 0.95 0.44 0.39 0.48 0.69 0.15
5
0.85 0.91 0.82 0.94 0.76
0.39 0.42 0.12 0.09 0.61
10
0.37 0.02 0.06 0.19 0.29 0.44 0.85 0.04 0.60 0.96
0.15 0.08 0.71 0.67 0.69 0.42 0.79 0.56 0.33 0.31
2
0.52 0.24
0.81 0.19
10
0.570 0.702 0.632 0.456 0.728 0.719 0.763 0.535 0.667 0.465
0.333 0.202 0.368 0.105 0.140 0.070 0.079 0.026 0.053 0.377
3
0.32 0.58 0.11
0.21 0.16 0.37
10
0.50 0.03 0.89 0.78 0.20 0.61 0.15 0.49 0.53 0.40
0.54 0.34 0.24 0.64 0.23 0.22 0.43 0.52 0.09 0.55
10
0.55 0.75 0.32 0.98 0.23 0.36 0.71 0.64 0.84 0.43
0.89 0.30 0.02 0.77 0.79 0.29 0.04 0.09 0.68 0.82
10
0.78 0.87 0.62 0.73 0.64 0.69 0.71 0.76 0.56 0.84
0.53 0.33 0.04 0.29 0.16 0.11 0.44 0.24 0.13 0.49
10
0.03 0.17 0.11 0.14 0.40 0.09 0.23 0.29 0.06 0.20
0.54 0.63 0.69 0.57 0.43 0.97 0.83 0.80 0.49 0.60
10
0.05 0.91 0.59 0.18 0.09 0.73 0.32 0.82 0.41 0.77
0.95 0.68 0.50 0.64 0.27 0.45 0.86 0.23 0.36 0.55
10
0.85 0.87 0.26 0.58 0.72 0.19 0.66 0.09 0.32 0.74
0.51 0.70 0.96 0.42 0.81 0.08 0.55 0.40 0.06 0.75
3
0.38 0.88 0.75
0.56 0.81 0.06
10
0.800 0.300 0.725 0.583 0.333 0.492 0.067 0.792 0.617 0.917
0.892 0.600 0.117 0.375 0.467 0.242 0.608 0.308 0.733 0.108
10
0.257 0.229 0.284 0.028 0.266 0.183 0.211 0.073 0.321 0.018
0.862 0.936 0.404 0.917 0.624 0.385 0.349 0.908 0.835 0.697
10
0.18 0.51 0.95 0.68 0.35 0.63 0.80 0.49 0.94 0.74
0.45 0.98 0.08 0.15 0.78 0.40 0.58 0.48 0.14 0.97
7
0.30 0.45 0.27 0.59 0.48 0.98 0.73
0.95 0.18 0.34 0.41 0.57 0.84 0.09
5
0.32 0.09 0.02 0.36 0.21
0.38 0.94 0.53 0.58 0.89
6
0.29 0.06 0.87 0.31 0.54 0.17
0.25 0.46 0.63 0.60 0.75 0.44
9
0.22 0.30 0.73 0.08 0.35 0.03 0.50 0.15 0.88
0.95 0.65 0.85 0.90 0.63 0.05 0.40 0.93 0.98
9
0.48 0.07 0.45 0.90 0.62 0.14 0.03 0.86 0.79
0.72 0.76 0.41 0.97 0.31 0.55 0.10 0.66 0.24
3
0.47 0.32 0.26
0.68 0.74 0.95
10
0.864 0.712 0.525 0.941 0.559 0.610 0.653 0.856 0.551 0.492
0.458 0.475 0.076 0.271 0.102 0.398 0.203 0.220 0.381 0.195
10
0.056 0.215 0.299 0.196 0.252 0.103 0.019 0.355 0.234 0.065
0.542 0.383 0.748 0.495 0.953 0.589 0.766 0.579 0.374 0.972
1
0.67
0.33
10
0.58 0.01 0.09 0.52 0.31 0.13 0.36 0.38 0.27 0.49
0.60 0.88 0.83 0.74 0.92 0.90 0.62 0.99 0.97 0.64
10
0.37 0.10 0.53 0.29 0.20 0.43 0.47 0.14 0.49 0.51
0.98 0.90 0.55 0.61 0.69 0.63 0.59 0.88 0.82 0.92
10
0.87 0.25 0.71 0.33 0.75 0.42 0.50 0.08 0.54 0.46
0.04 0.38 0.29 0.62 0.79 0.67 0.58 0.83 0.21 0.12
10
0.04 0.10 0.09 0.84 0.59 0.90 0.23 0.81 0.99 0.66
0.79 0.39 0.06 0.64 0.01 0.21 0.14 0.37 0.71 0.57
6
0.27 0.48 0.25 0.43 0.05 0.49
0.41 0.63 0.67 0.33 0.89 0.46
4
0.62 0.88 0.31 0.44
0.38 0.94 0.19 0.69
10
0.57 0.63 0.04 0.34 0.91 0.71 0.76 0.40 0.28 0.44
0.37 0.82 0.62 0.31 0.75 0.97 0.90 0.38 0.59 0.47
10
0.69 0.11 0.22 0.98 0.50 0.37 0.48 0.35 0.06 0.83
0.26 0.61 0.17 0.57 0.67 0.78 0.19 0.28 0.07 0.31
3
0.5 0.2 0.1
0.8 0.6 0.9
6
0.43 0.64 0.07 0.57 0.86 0.50
0.29 0.71 0.79 0.93 0.36 0.21
10
0.435 0.191 0.296 0.261 0.270 0.209 0.557 0.539 0.130 0.070
0.922 0.687 0.713 0.939 0.870 0.661 0.965 0.609 0.861 0.765
10
0.14 0.82 0.88 0.63 0.58 0.74 0.89 0.75 0.37 0.61
0.43 0.39 0.57 0.76 0.68 0.40 0.07 0.11 0.45 0.22
5
0.81 0.88 0.19 0.38 0.94
0.12 0.69 0.06 0.50 0.75
7
0.56 0.25 0.62 0.06 0.12 0.50 0.75
0.94 0.88 0.69 0.31 0.44 0.81 0.38
4
0.27 0.77 0.36 0.50
0.14 0.64 0.55 0.82
7
0.37 0.80 0.60 0.77 0.03 0.33 0.07
0.97 0.90 0.93 0.67 0.87 0.10 0.17
2
0.94 0.56
0.50 0.44
10
0.45 0.05 0.14 0.25 0.29 0.07 0.27 0.04 0.36 0.34
0.92 0.48 0.52 0.91 0.62 0.69 0.78 0.86 0.83 0.96
10
0.22 0.74 0.26 0.70 0.87 0.91 0.04 0.17 0.57 0.52
0.83 0.43 0.13 0.39 0.78 0.61 0.30 0.35 0.09 0.65
10
0.51 0.79 0.72 0.70 0.47 0.07 0.19 0.53 0.77 0.30
0.14 0.84 0.86 0.33 0.12 0.28 0.05 0.02 0.95 0.56
8
0.67 0.44 0.50 0.17 0.56 0.83 0.94 0.61
0.22 0.33 0.28 0.89 0.72 0.78 0.06 0.39
