100
5
1 2 3 4 5
3
3 5 6
2
5 6
2
5 5
1000
236049 103167 396059 154973 66516 401592 917956 800453 765163 221929 536681 276683 172665 106184 214401 927476 828921 806653 800448 193436 309850 626976 731895 854649 880051 86719 605852 671702 505954 177791 473588 89347 934589 865485 547639 300246 908871 572367 882318 848045 508373 413947 598913 431044 161321 305112 812593 43239 46322 626351 280434 534622 471241 342844 997279 195574 412795 202671 632665 276305 355831 746943 320669 558529 904316 100980 61611 228870 765163 615433 237418 331067 177540 459019 42812 697292 895928 954738 734878 959868 18188 288997 966007 775240 410428 943309 620511 817928 293411 191416 444143 136438 381635 961814 331308 9397 44798 169568 783746 362725 290335 97103 981749 423953 207917 59340 55271 168671 676828 149641 40893 490668 249059 997637 122274 529242 773793 409322 987658 477762 241863 410623 36870 421221 248586 889301 831048 498580 31651 254394 242390 208066 231467 869710 141702 51274 928034 565345 990571 402963 900953 653974 790858 744727 494289 92909 210922 873807 899762 924578 336590 656909 799505 642494 814827 528024 654733 685960 268300 922800 956280 74381 971089 961774 668352 44544 898970 127633 968535 667190 60484 167266 635190 569206 746495 927481 218542 3274 922362 13111 876424 115890 809873 782970 877878 550609 878708 201670 671482 330644 891751 773574 471511 526409 26394 34184 594487 488832 864720 608126 138762 362570 767580 522987 10552 837689 827562 85142 543379 381159 787388 311170 233701 486653 966279 95120 114452 620962 885343 512475 433954 857844 776587 66918 881325 195853 302306 836442 422465 798349 167377 874288 176351 149307 494256 338585 541864 904073 710512 5563 311818 544949 486507 715587 484250 75685 245442 847571 356791 766670 985805 626701 676734 609535 313273 912791 467030 911409 305651 867527 786850 613000 442066 140668 771043 362180 662087 133255 82561 143939 809023 177669 901914 371989 575983 350441 620831 93468 402548 936189 179676 654253 326673 300581 23172 20100 949393 829774 801105 807251 953333 158466 584169 495242 573865 937912 760252 968474 116825 651557 675397 745202 617867 831263 302866 927822 406112 599035 896875 703590 309677 230369 326618 626797 996450 899018 400217 400661 817492 283772 411565 13184 183893 540198 693290 614760 364302 951067 623230 156053 67717 973791 987819 919965 603804 312237 91340 257903 222162 928245 892564 777919 148728 238350 299214 947929 163320 790443 680697 547136 959295 262336 524368 157520 96763 31750 316519 121772 61257 992546 289057 890232 701984 731327 655180 952613 878481 719434 559958 693762 723707 552354 502550 154202 844336 484192 67802 168035 874783 256071 391324 682141 861597 328423 386806 423087 28052 876652 19000 960095 152514 156675 848589 823398 232019 553526 476704 718543 185096 825491 996440 706459 921230 937124 379459 847508 833760 587228 107163 619247 911738 305149 646849 897163 600101 37226 631948 255670 857964 661951 307393 895646 625055 339147 834172 891622 893196 883265 658338 698730 604682 527093 987444 353060 81511 713510 498086 545644 597873 249875 200849 71345 781588 908463 696711 116781 978517 826686 509301 902 843857 623363 622256 18266 733029 34297 478082 144864 359835 890163 748392 815918 298127 388461 604807 34042 412297 974887 754041 862736 298773 690733 788836 704565 437403 174870 17946 887007 931834 275946 755784 407113 627521 841908 321208 620117 255989 511120 30083 263571 287147 914504 132402 758279 86743 986349 165991 92130 211604 933064 668757 890554 499242 114022 340498 455626 990309 166470 244161 843248 114005 971395 296605 567252 660638 907018 75712 846790 179271 718283 27220 766667 181081 206159 34856 324418 328141 982924 606805 364284 990110 171875 214974 956089 951437 684118 978634 57488 903562 704320 668079 843124 104239 199579 137800 478774 546158 540619 362195 743711 838425 758517 37882 152916 219250 238273 573818 194539 624669 344074 363680 708081 944360 190636 348234 981562 212611 26956 191137 825414 731288 938434 497332 41356 306233 719207 392826 139588 375699 463748 355924 446410 136297 29765 783704 732241 418420 114903 295532 558293 894657 481646 973749 526989 181102 615070 600093 599222 724644 22873 436958 800315 138249 42683 182962 285560 435147 314375 634402 170100 345532 675750 544345 958710 936198 258007 335078 537624 544082 365821 862672 196924 471179 119424 883090 595677 987752 143262 711107 596885 51436 820040 874188 80531 941704 784961 604555 543819 263149 57278 475463 865948 209108 472484 282499 690951 959638 888051 287845 416972 2655 529362 853554 844792 72047 433380 80041 424460 912856 283526 845720 955298 818387 201947 918221 922855 998586 10592 3606 291438 517671 424062 92483 640504 667741 630350 510622 549290 689789 64458 436250 135496 104020 762003 324325 339369 277085 587248 118191 641156 70402 955204 157053 767665 545251 424926 304228 359294 758873 524749 536385 247578 624847 170593 482458 651441 544207 580600 570165 193882 957678 683829 725618 955041 451677 332715 304035 316271 300156 316100 209082 483992 292061 368471 663603 315199 863373 797505 328520 834426 176494 95828 994845 32934 5621 867102 2617 655146 555823 222853 245510 967179 393458 241798 441460 732172 290645 89045 790712 96125 55401 4709 993482 434176 737274 557719 974852 343172 349433 682170 567 363604 759314 572812 489927 936843 432773 730874 392422 86430 387580 210723 27290 285977 126200 456571 737740 757973 883467 317720 669515 889150 395894 913683 102913 920819 881119 979995 830786 710811 435087 717454 878534 575844 621739 924336 284668 335211 35539 877814 629487 672766 238057 184546 478707 877046 354689 421951 417890 844446 123922 865613 11746 699128 763561 469576 741820 280476 141093 359898 265103 716932 564167 660726 975781 773233 791585 969992 928769 741619 347834 508326 755671 786698 899872 742362 668853 254340 621565 186940 646981 176033 17656 955383 869867 304830 44923 818645 771324 154814 817100 838464 574356 273872 56448 63415 441021 721473 638243 224791 798113 63124 614030 174056 5431 193593 795792 219781 14051 482584 349014 573952 577283 707824 915456 338356 634996 118567 251242 96104 862114 337658 710560 877278 384655 206872 248070 489475 387359 70093 850474 639378 872066 845350 725481 824029 703842 428026 818752 917893 107521 144306 169838 455737 864349 526693 855230 366439 565560 247008 640108 270125 7427 398275 563634 881151 286373 926713 811629 157527 778661 935430 962052 691920 390387 543778 650774 613088 189099 884626 540738 71300 306235 80605 460844 93990 529701 278670 827175 768782 187620 811488 582069 269854 911179 6326 398974 598720 162641 491438 884253 343568 708656 190349 975501 964066 164935 764576 333800 31892 210925 728812 465199 529557 127895 171700 365196 513693 820425 449255 327927 913622 690336 755918 805570 484617 260139 111998 657449 748532 902217 919321 503622 488894 964898 85773 374765 545479 601637 611069 158364 508216 175912 383932 179030 319762 626910 398865 167952 815971
1000
468787 669938 301265 271988 436167 695655 36385 672943 54994 889883 191174 824347 33950 493310 256860 776007 771016 126749 51540 730308 419003 372762 348430 366835 576545 388215 128867 471452 988492 766688 718337 927623 444632 362284 792840 102764 766553 148101 623313 513842 771862 62856 671552 827044 38817 683610 279976 744329 978679 2723 406777 499342 981240 924132 28756 136453 407646 804051 789685 555713 921373 820262 877844 634329 259272 734422 716376 927845 171038 22145 341169 255858 387068 59709 610549 427349 265100 101514 574103 99367 860434 276914 897965 123900 389563 778394 521524 447786 880992 164039 851190 514727 285578 349931 278474 632539 440755 518082 649234 859528 698308 295739 665675 692255 908148 386193 532176 756572 334594 326166 620961 373567 847337 347176 220225 609848 598387 990366 942407 421480 448614 651783 504703 587614 401302 859988 892185 790472 749199 887844 255766 941780 201756 101208 494915 158073 255975 605803 148595 397774 366598 943264 78504 509832 468092 162063 346543 363313 358127 556962 556474 466134 440394 609267 484758 125462 656173 408966 852807 132176 545856 299671 632543 817994 649501 571729 931496 226166 995627 438900 633321 129801 30112 159137 543214 240235 794633 154867 662897 900109 692923 922795 823780 857750 39806 510496 299129 438673 728535 731039 204136 170954 69954 739623 822658 92082 136603 137735 990236 71360 575766 876302 170560 682929 339299 641277 468314 149168 897219 500264 982043 595271 959500 654658 57664 4599 992122 666043 791417 838196 360931 705250 647359 60197 538890 929860 556369 786821 67060 415317 505835 555181 846080 490333 566308 518319 674283 579701 395472 285607 863775 354411 712970 271500 987468 216210 419981 368753 877529 731719 262386 243541 743289 446552 180100 116390 721057 661073 806267 76925 480322 144700 570153 229601 230035 560919 164147 794290 166671 266712 755015 263772 298508 783442 562972 810237 868726 963162 86452 392837 454269 286564 867368 394276 927733 70389 444213 628277 786397 482821 899397 297034 355633 192561 189248 486132 731284 192510 488124 433036 982608 492715 809074 234476 894887 23630 151601 634567 530367 527086 622427 347862 662030 396753 585146 714184 309580 761176 824878 988837 62534 426192 164008 168045 472589 777942 125330 795086 843881 967485 756704 209534 717539 574181 273217 791247 331574 840183 880474 396796 135073 815819 157150 120221 876630 236959 260607 391932 722997 194800 316152 66890 256679 746496 638988 599716 898254 30709 281347 634868 359459 976756 223408 959802 732510 676945 941582 433676 337157 436286 735340 821233 630915 791907 665765 777636 128179 829980 533506 327485 129375 606445 219729 361594 546167 209099 231945 76191 348658 827461 244293 267009 134778 606727 741015 187364 820745 10355 116996 94040 786754 82757 730787 208893 298361 99726 811080 370768 929959 693810 562811 460863 562623 580009 969457 220059 178491 998438 687984 631609 469063 13128 223247 802221 271295 604742 488305 172466 56141 65668 712922 238087 511011 577362 760276 159792 426926 755501 664758 474746 640186 786796 876777 529824 101102 129655 665749 679960 445311 697041 217607 393945 380591 749388 965783 275036 99500 369311 866090 994811 57451 336226 476220 894388 568758 428011 973602 733687 897682 809959 982865 683637 780654 504007 678429 937665 947937 900442 675722 492389 417375 391437 952300 666257 798764 666715 100706 448032 349942 968402 687787 365974 512439 892687 528071 706402 362157 426471 766486 199062 675754 841136 995186 528730 613925 993957 793455 869141 525725 132372 827049 94473 712783 291582 808180 641408 510903 479501 298679 999129 556325 959610 119529 24704 175203 319583 985459 128165 521435 856228 304387 291198 212480 54267 582046 561854 216057 561123 501843 694760 243835 227233 876317 686914 757626 343525 583063 379347 680196 956063 487662 455736 701151 496071 367420 22287 818911 509538 847733 343728 884132 807199 233414 778456 42297 644632 780109 721344 290858 351930 181948 897067 591421 781629 490115 432571 942114 935789 742002 650427 889993 323071 319754 787307 674617 764732 714744 401336 117026 773273 870153 531260 318167 845776 188724 193136 577041 479267 759766 15062 932007 280554 497883 26416 375086 506260 946163 191416 127892 865418 921234 497358 516354 880688 461237 450494 432896 242641 274637 366679 65844 463323 779752 871035 125947 364233 869960 956078 316235 178095 839969 295504 657167 925070 251842 295388 569489 84458 506206 576208 431991 740764 666682 580823 815973 142997 178361 283542 175116 897581 850607 895208 391317 850979 934356 768346 845101 685349 12373 328005 258296 529861 562904 917555 259839 976498 152252 785089 316121 562767 617324 48775 578476 659918 260026 93484 604848 260138 176596 240930 571477 468864 383448 117696 219277 613794 400102 182971 817556 546841 345089 971513 537502 152515 478932 264918 845535 779308 75273 137184 673339 503227 311928 488145 138753 468720 567295 934684 612430 576257 38372 504654 562616 664301 313269 942898 709606 721800 977594 956447 129416 898278 530529 604049 20943 66905 796172 366827 983784 946054 540687 589277 595129 539045 811270 985996 334496 415774 392054 78456 158524 181459 744069 180719 596015 976503 408401 999309 250187 355689 142884 153592 407030 774390 654697 223019 65113 75786 330786 549696 814 105096 666247 233289 44286 810748 75163 743587 52695 861449 472617 337652 212301 820429 416770 557476 320806 179329 308721 256898 741223 823512 775096 294781 338375 943866 461710 579126 51851 776374 443242 217235 475178 200911 352299 361146 436067 339083 168562 832567 530629 377765 629167 99716 295212 356257 482378 862797 445221 408215 601946 773926 319326 678966 362729 18302 73857 50461 392365 222089 562567 735674 451031 729598 303225 189017 824443 555519 217465 358486 884131 61178 853599 114248 877583 534468 124297 275403 393780 602681 789491 843681 219967 580322 773279 190755 808846 241939 591934 498736 534967 852640 138536 260415 964891 628827 901127 229335 320171 582894 777528 510836 74923 444532 768807 881515 89407 392046 911024 734133 616912 166517 494417 418186 501796 493779 90659 811965 440065 189431 616807 323389 127219 582308 19946 917256 569938 265241 936946 581284 14047 723154 53212 277299 569522 660002 953866 817812 178598 548861 102277 703576 426768 653316 67773 493924 436280 43016 659770 979621 747034 963835 96625 639593 582716 451799 802259 412302 87253 633662 851723 370263 628481 148386 977057 978347 15337 642840 928900 513536 80359 728897 500893 341733 58294 222092 817177 470523 532481 642593 380787 760167 723705 19678 639695 26982 505487 924966 828559 303471 932650 173413 702501 764859 39364 258727 537118 996195 165593 461646 895566 172259 834519 743265 795676 342389 604076 147394 281382 809541 113158 542614 84456 806860 641683 121917 882444 651438 643998 77148 826559 699116 384271 76393 772270 220405 788689 584490 371385 448747 281878 508540 884372 563568 387715 691809 973716 184091 560203 888409
237
186353 705915 572753 78222 105837 306706 551108 439411 293788 245318 590438 786577 374922 459529 698303 365122 773957 1878 263737 576840 114136 40679 617574 561006 651286 848700 322099 906788 859062 952548 304711 64028 778899 191807 57806 723210 696916 670825 109008 714171 244370 497653 676331 350990 357790 833156 653985 832058 50705 776708 187499 323160 649390 788566 639159 506156 536998 603916 212639 371204 431791 106952 430971 691181 8139 339536 932129 905466 125458 909035 917731 631261 212152 467546 147005 548911 99279 391883 141157 678514 349431 848789 827343 155992 730824 735335 270380 826149 60116 320051 690113 805705 945451 558396 730422 949412 934563 326649 441153 771701 522216 80715 909266 387591 157191 333776 27751 913651 139740 305 957836 307788 623382 367520 339310 924897 731850 336041 826794 770599 866886 421875 428343 900726 462359 363283 618912 697251 519974 75649 990313 181607 584368 327647 50451 233327 410948 45699 94981 516787 403591 54390 315097 225135 857519 925713 876789 895776 478399 223681 630986 223389 922406 219100 582948 615417 99448 731431 478641 696715 541999 780312 110487 220774 680220 92668 402312 710862 139424 402642 700053 205986 308955 515778 852739 520323 851586 478255 109685 894615 437139 132869 566334 437721 2523 303163 128864 397493 320859 946003 46205 297656 27039 380186 352449 321579 187617 313610 834561 903568 526800 575146 247040 951529 22234 505573 526702 508870 929210 594746 116295 107969 593456 16668 384788 778896 465220 994398 468187 340552 88726 450347 419500 716850 584076 870816 475077 420956 105753 745481 322341 464175 661124 546300 184027 668064 626135
910
996270 985689 481290 355256 565261 764786 224126 637955 339862 378149 67872 724968 338281 558616 532308 867046 730755 740781 933191 842699 148028 868135 877848 188553 279493 764045 885914 64287 770746 871561 448489 227899 249116 238072 851780 757159 258419 744281 817782 263194 897088 614453 64508 397910 339809 195821 626860 426575 948917 449912 568824 900936 6216 312974 904914 654484 838292 66748 791387 259355 315772 355017 526991 846168 663426 693567 228758 700128 376691 832333 609771 172807 392280 664421 647306 224365 206625 740174 91056 521593 779626 203693 24687 966108 820320 713953 745879 807790 475827 912501 957289 705489 732635 52224 178764 551289 783536 34607 892814 907632 40903 722295 711187 297752 565183 179454 427097 901906 417861 492305 327240 683448 504008 385119 531049 624847 930741 301759 188148 240946 252439 533991 120393 182606 450952 7787 386671 894626 279178 586917 675151 696810 962834 511840 198119 732703 141476 429319 54626 211932 280486 604131 888903 74112 953447 317294 286690 31314 299361 1232 367346 717277 532299 238562 963695 886338 616366 269153 382735 74067 745019 633883 690058 660942 471891 499624 367719 287475 76467 594556 565131 915756 431618 988284 73520 483298 497290 588465 873877 562167 669883 849795 977073 119493 824944 392990 714946 805494 94391 52497 892383 531944 822983 128386 527840 561691 98369 646417 259195 622141 155667 690361 572218 738580 643020 787545 3712 94769 402625 408414 490992 606839 338016 289301 284813 327734 500921 913174 203627 796753 690776 424354 597078 660901 847252 58117 570172 442737 280196 875070 274799 664182 764620 834853 140620 605177 208133 792152 13061 409658 879632 35229 276414 664452 213824 965708 297261 489219 408286 593229 99277 563363 543773 125191 220043 45531 483405 239306 517574 607079 588052 236257 573795 652029 558225 13248 4966 289450 601987 273466 749165 885810 719707 83937 600772 835606 903829 63337 573610 241645 514157 403586 876173 105138 179037 720252 805853 284200 987572 636141 736277 40746 723810 551635 82590 162359 263375 992640 298498 573802 256710 420085 471156 17333 51747 552847 175393 411487 21345 532363 254113 646789 749964 959035 882340 614341 640374 977650 499766 488852 349328 327092 73733 760500 598581 987051 233682 247094 279728 316667 157823 652489 376651 63439 337749 552763 54781 626088 897553 587413 747842 55111 50387 759875 789405 170721 234168 250463 658558 244590 873742 761613 308336 555887 828623 251306 202772 594787 996830 167295 474349 18076 186500 813787 938484 265958 289939 98567 635400 411443 788263 304801 487079 788612 88693 245448 832813 911124 939059 884979 194230 260739 309580 107136 572561 355942 92430 741981 260887 373455 441507 665557 867103 942631 388064 840253 779996 600060 414379 25168 396755 983403 280307 975186 823831 787999 916646 511467 861028 582586 763260 70885 76366 735144 124061 365865 42324 919602 844109 958545 953204 503809 365559 283414 463126 321353 722414 248508 926791 527784 119978 312263 176220 596262 718105 333077 801424 135111 590929 50927 301351 626308 672324 456617 774861 408744 582640 116181 703810 381973 580808 486735 221164 817447 598626 463485 26130 79267 786924 445067 242705 821082 55942 376455 206777 958322 390741 698931 86622 453608 79872 573048 808649 638762 526428 765358 585873 53023 655547 756307 620652 549450 979138 325401 808235 523912 460749 399714 81316 684801 564562 774249 943268 991771 450808 296922 88487 736059 604925 754923 962505 246897 160583 111794 147357 892419 192232 314476 553054 20305 630686 621537 7888 112467 515390 918500 469683 160497 112801 145381 203389 45619 727025 738614 588453 91819 648532 388934 357334 662902 392560 28077 53075 973075 907289 701301 843491 654097 322807 569490 422716 143186 141298 879324 502011 674164 251289 258583 71799 465104 925447 902107 610278 835930 481229 717860 602992 495778 153862 541471 297536 815373 806099 730975 380628 191817 15473 165778 202889 423975 662 66717 50802 481720 660633 771233 868493 29123 495545 504280 494687 96429 173489 795789 591052 258482 505389 824435 525237 190155 385528 913496 865356 612430 540867 123978 794278 239366 766062 516042 809739 367672 421533 236188 622832 566500 526727 196797 927497 231479 293631 88899 515119 66023 769865 125002 871098 593682 458891 851176 866945 198936 411885 127902 101616 891911 800427 311559 899902 561200 619463 891614 872193 5137 711418 25229 288401 149071 842498 116778 934274 66042 86301 778750 367900 388470 469386 881498 325583 796956 635647 470532 846130 860395 605643 152483 926133 226965 956766 558376 877508 650825 702660 814079 528103 425093 849945 35887 980458 317799 584745 6060 28961 184054 25833 658690 20126 689841 550377 524424 137723 63542 472565 70281 505115 813038 676659 90534 922701 488794 114044 996278 816887 840894 405748 909327 54597 757331 466518 826352 667139 822979 601830 192218 976767 189914 821998 451966 901975 468007 553143 848546 764762 777892 533498 693521 440397 941191 240903 437792 148423 180685 46816 401515 103984 466288 49701 894110 29639 237519 64367 613277 451386 829580 51338 377053 454329 515963 418805 943780 787785 841412 71447 185843 671758 104624 719644 285454 744637 311074 483971 468388 39844 418643 669432 122101 989648 141609 705131 678914 417591 340615 120222 182419 593524 420906 245066 741351 24610 384448 54249 153027 29004 527631 640180 364687 732335 845195 508468 318459 792187 92540 958054 781950 583250 279764 42094 841379 661419 630979 424061 761116 610970 598277 565804 725481 328257 32038 812455 54163 258377 919766 900474 393420 462381 162184 117247 811701 777044 859681 740139 284550 171319 470721 780845 451633 95709 943740 870903 634533 859186 181933 225408 466103 721969 222692 472460 557426 875639 151632 280453 403173 112322 772995 175159 618156 462212 257760 204745 85754 952412 759803 263706 910510 306452 318639 597112 33516 642712 375548 895703 29077 821439 318166 532067 87397 41593 961188 850508 536131 1885 372269 187302 967079 917864 251704 899143 688230 204444 469239 871390 81276 433179 784410 441575 337397 329724 998849 153963 653575 769160 478198 142744 384328 80991 21145 428911 894591 111893 787370 978778 501752 816640 599170 111152 481181 871696 491309 334482 177276 638911 914190 906420 486768 64627 368975 724009 627418 65312 617264
852
200482 903125 796113 739110 906822 449611 174607 817128 397446 69632 805842 105045 944463 981576 269971 303610 947099 534453 739755 192138 618668 266596 636757 303177 277799 400838 433805 449261 457851 828380 32350 682717 337733 182837 109403 219417 808274 856822 686237 917153 687276 516463 843778 787116 14350 882162 393905 593279 676563 678675 510924 254911 55906 514632 441598 563936 412817 620337 801314 285618 234027 318451 463412 629052 872110 42724 739909 652835 884066 990863 140017 996848 455476 269774 383623 253856 744963 221340 101092 38008 862710 909067 555662 25659 338186 99441 783711 136063 292458 773667 413273 205535 841682 945028 407215 606423 94407 360889 72893 662031 906727 665644 669899 18499 674312 374648 380417 709719 218788 874728 175698 677583 618280 469415 408956 77567 489647 388277 179837 18966 398218 586833 340229 864488 556576 726249 644538 409950 741488 304013 219148 326396 669792 120686 128605 748076 473159 261888 869384 891303 131230 451099 780302 806002 104635 334442 497725 35330 894984 265410 348610 277897 328581 679617 794184 524062 233100 975674 233664 580291 870755 544275 423738 766059 819122 75691 216550 373955 966466 231945 373868 799184 645571 49348 79748 840178 166324 96051 179428 73908 746353 97369 913571 639837 830364 300099 890300 35152 551385 39681 981615 752818 576742 809406 627435 613437 319014 167231 593076 301499 129232 221306 186036 743533 863184 377386 96907 414631 13760 674305 277546 944289 311828 964485 350616 215650 371792 617060 370854 37474 137751 255988 310788 920020 661194 659171 451417 121920 527351 534918 846585 110203 768289 628461 349784 551644 738870 806868 931036 876848 538739 262324 265072 446086 739719 269776 49353 622459 763128 188910 764748 281873 168855 531984 740893 199786 304828 836525 577593 361838 878686 535113 92326 940146 742008 260148 271642 389951 939305 780808 183916 853778 849195 235984 323433 183637 686535 156217 880502 317045 476998 331528 758200 966759 358108 813579 959805 950967 167432 936840 640104 87780 244082 389484 861 677324 201906 339742 149966 658829 452274 669855 304190 442331 771754 422518 542313 557998 142750 458324 488937 597243 445954 356167 727365 956499 301607 58837 541199 390184 906052 747575 846455 167176 825004 9414 486204 28213 233111 29966 705155 931146 296588 535356 37459 365012 760685 255779 62474 105098 934927 310047 256183 249718 352491 655221 24006 130753 678449 394681 750739 598446 454333 664821 766812 74806 804492 836298 689293 347881 689389 435411 190482 343484 181534 30594 62319 375650 441151 483974 140938 565836 916937 262399 542372 939815 217729 454420 10293 470406 903665 883640 347607 821194 992681 741778 230941 562328 374499 67792 914113 895334 492390 992638 97701 520522 156910 877556 171107 525938 713996 696065 972823 813241 395242 938323 759048 128391 249579 320546 869315 153214 771778 165970 960977 994570 888286 417812 558334 543646 237010 362189 148868 496457 457893 142873 115245 860734 898060 811829 543608 298392 293929 65482 609945 588241 354431 780578 764954 689736 95121 336595 847323 572070 548510 616022 673163 865901 920455 159414 397132 687384 213068 216178 981731 335233 198661 21608 398354 6523 528095 579925 629748 624287 408392 42209 475931 470225 807274 715506 282558 104174 958860 966175 30006 90359 368775 145832 318031 81944 90929 43380 552157 751601 991972 651246 594726 488860 918488 814113 729940 569499 460308 268753 315551 499729 998371 506067 832098 775341 694442 535888 347489 112344 119150 192532 323324 200060 55838 843165 552461 263090 188568 728491 719708 589816 129704 907703 843940 238124 806826 754230 249502 630226 684964 587844 238450 487345 649994 503667 212809 631922 343181 526295 716774 590680 699906 749857 388326 920728 991204 50514 346391 558787 603623 912835 400213 479728 997894 355351 158543 723310 74497 361158 317212 269210 246872 958063 353778 281883 900620 862540 202612 170112 593249 666946 502334 756855 360616 319354 422407 213463 490966 474537 485311 833135 661643 213287 731040 703960 660716 547905 635854 82533 587002 110574 439567 753838 102503 784328 352724 450185 993254 779656 301841 142078 831508 885063 984743 426394 20616 10839 579623 779612 676872 643763 486523 775399 943705 881171 564259 369543 981816 958974 758708 328026 891948 641847 578648 288388 627613 712095 311295 559341 949103 910730 110951 219419 632357 500996 861834 224803 436639 394947 419952 515299 356517 857565 695741 579166 405775 262663 682190 478973 417242 37015 216753 579887 518880 590941 956501 322916 886011 997091 907822 8792 949122 843532 920254 202298 865034 444549 594053 532747 526811 573224 603117 628558 848759 754141 332990 250189 513008 53615 418667 174072 45006 481515 142277 873210 490263 317107 691197 149493 846955 911095 805225 943285 381194 100543 260108 95017 875723 967631 384409 468420 272024 539278 695280 46332 492103 462474 796217 758243 429541 471184 514414 663395 713126 17242 102220 19597 292543 901339 43944 952144 63721 401214 308857 990415 811842 165916 291810 470910 157743 929414 379366 95333 479037 646482 234198 352376 427165 205857 266180 422543 548303 926556 705898 354024 189908 921578 355995 314489 899481 323717 503045 763184 388681 71588 39446 339775 741376 371470 920914 632281 898343 59915 619659 890259 158820 95390 968436 916606 281784 991057 172138 4990 385015 914548 894378 626503 857608 131251 782292 932386 22848 395598 525218 52990 645280 609193 816145 648548 482855 647382 169155 699842 127412 887365 64361 21620 646929 218952 914325 742232 339889 523857 301049 196792 320457 199494 153868 95194 805814 608720 248822 171512 432706 903083 392619 579134 91674 356528 945310 902001 123571 131932 872116 199550 348438 360091 933738 163027 848533 735067 458611 158976 634766 837530 200785 257685 91650 338786 986430 529763 415440 828398 6668 806480 754157 103125 145002 45673 156852 752988 966788 791239 570680 730655 750576 918869
263
409184 457926 56472 158721 397929 418590 164481 629330 444362 572611 708423 231645 896908 938917 477094 471385 284379 839487 319990 344293 122157 560185 758054 71939 358792 272272 719877 407283 962390 705102 137716 152818 743509 358640 121772 625100 903357 412099 942010 673468 922643 537430 236873 356025 441274 411236 947008 60179 806427 458917 980903 741437 165443 869503 507282 255407 392710 754184 202046 391369 52224 24798 686796 790745 945128 387060 830060 800345 58286 764013 456900 111231 992800 94893 820041 136172 655486 906065 341230 266006 542789 401058 418628 182000 477889 278666 644959 390914 871538 941108 182511 212983 459484 902479 286057 380476 463798 904126 43378 475752 239077 729335 841668 70750 291461 646164 73468 640550 324346 279599 528775 297291 931304 98524 877866 189579 533917 168680 38232 130455 746374 421135 895778 580239 259459 321728 800356 650008 53591 173067 396216 929213 976989 761297 590067 197081 684888 346550 912576 548916 911744 752183 691558 221143 16407 871637 478853 516164 555861 133732 679567 432827 708283 544711 471603 947687 154686 146083 557525 75680 964948 765479 340981 865766 449995 664930 560542 543832 555345 686589 609467 447873 100245 440175 389939 559379 319991 747216 631067 503988 645637 217497 131269 843302 921890 836371 488111 672230 300855 590425 15826 833604 238169 220113 193642 432020 464199 840007 548053 360953 875539 401542 588204 282558 473534 856113 858404 872078 269426 619987 529937 222405 862837 710548 361059 851121 999878 317969 84154 376441 923679 46783 281660 139708 607027 167721 899060 860489 746903 496948 969252 686690 660406 154387 438597 802705 340441 239127 507602 918788 725646 614388 243615 751132 770627 43220 619748 944872 523794 384396 521518 191643 263169 802426 611618 78150 624984 95923 384307 244493 799225 64280 515454
3
919123 450305 579922
729
584248 343279 968866 760693 18231 372109 787344 51873 225775 797404 648463 206113 286216 983575 914708 278998 760604 461535 721231 989296 952435 877267 374748 667915 807553 234352 250813 933023 212997 611472 783785 448418 520994 891455 459063 374983 94387 799704 299027 318675 912418 363012 954812 131807 388015 290200 637657 845424 92618 732177 300617 302752 107487 737126 543991 403107 67963 335086 160797 102337 917542 3972 656530 624592 295153 20495 962304 417522 663281 33141 459795 638940 142715 341788 883825 758496 806858 461276 916550 226834 522618 48559 486590 304539 47383 667311 236214 794418 999366 820794 140640 7026 189270 328651 144650 941469 147792 373714 959630 302321 696655 47184 82832 841650 965982 471740 536115 70342 319405 634354 474022 432469 799310 996827 712153 276109 141656 730227 737042 746776 163018 315468 737143 501115 464452 258063 123297 220809 323969 449136 878790 728333 698945 638948 656972 579120 102410 454633 246950 383210 725696 378400 550810 470591 509573 789608 353744 665632 786535 428566 807497 674891 809604 242419 271576 625426 824562 241013 136231 940830 84055 693073 166506 857546 416171 187830 468056 541006 99175 552762 942147 2501 466092 663290 184384 691827 639573 348854 448108 41218 812634 300929 45553 227340 308174 532298 384632 301724 396618 957578 945910 124801 700701 649733 902804 690792 443468 774025 367696 943465 910557 641512 229726 691425 466781 621789 896530 655345 500870 858060 509251 858519 8402 362578 391363 333466 118280 351408 449523 202401 183395 219037 831793 857034 725715 278088 497759 118470 968301 410927 521991 429330 20900 457131 611755 937816 609748 660615 320194 720165 971349 459687 62904 328435 16200 549128 118333 11135 799435 424147 221507 87547 386859 974593 220090 545467 892329 902073 304183 985919 271151 596434 130093 720045 371678 505337 392599 639526 878722 592164 17704 721561 98132 327574 121364 849231 383925 346962 450419 227111 806420 571518 532868 201349 770891 117186 674966 863604 252422 214325 770203 728262 834960 252681 389774 965977 340247 268821 921091 189959 540976 726896 925863 838884 897354 321579 818571 944591 336626 714215 210743 264884 602841 540507 671687 122120 308865 931424 287163 285664 179732 830202 655426 893766 707680 902879 313168 696794 74492 154955 754809 539210 558264 814015 839982 525275 471568 491845 811486 72806 241569 91831 640323 837759 348633 428089 417697 786160 232336 793447 292986 505505 797520 45730 407699 913732 615930 991649 326969 546924 887377 941993 277331 155772 155190 9062 83576 386807 520212 678017 206225 841163 850245 602070 710442 253422 631851 632556 325682 832430 58881 944236 540392 139767 363874 517486 179478 80169 828625 143203 793283 475978 902055 967443 986547 743753 358194 886687 299846 71514 980840 187501 834895 912055 819440 886444 311977 490717 469464 634620 121179 610438 783619 23504 500173 290886 683154 112778 746604 490927 988468 432373 165736 652386 948070 835348 273330 478964 406305 37915 343777 854377 636071 858254 8337 480793 777089 109834 830671 938070 490861 329154 282785 659459 398877 532684 886415 107522 477972 533543 530412 427162 285716 245101 873558 668155 886432 778360 481527 818981 988237 962325 22238 741955 426546 303917 628881 322542 732054 622925 702585 502441 681422 450799 153862 919795 958882 450434 458052 738563 847941 888628 986026 556812 673039 917712 67001 162872 60742 21364 917973 444767 460620 319939 259008 598766 584202 708267 553614 348559 128148 136867 986333 163285 595769 3230 977045 311476 300316 851961 802967 856415 775630 714634 849791 566813 186585 690984 262308 899468 491468 98433 191998 490506 28136 475367 416958 405056 66269 758272 661133 481249 955310 894190 767281 54244 352364 604667 394785 591824 227208 849838 883602 128571 436424 153777 738280 979836 594873 478057 781230 386732 986593 837068 348815 456252 813065 475609 12770 560097 36598 85498 967765 262813 357030 903249 864015 461422 882017 193467 46762 686507 446502 700894 378551 263905 439557 978310 48138 776577 375433 513230 454297 946384 724126 371385 42931 215219 871758 661322 658982 910008 876869 84886 703448 150992 35206 62509 96810 713174 12570 505585 822991 288619 859153 612245 548830 228954 24738 793304 940085 344816 671816 427437 86564 960169 631466 655776 337515 595427 309787 681957 365101 445870 871133 139826 177560 752681 991573 378694 601415 116364 709080 7219 816827 450064 173339 269648 618345 730329 536308 294535 955374 407561 901657 137102 116468 851739 4966 679211 197551 634325 342087 776343 800826 628210 514541 787556 493069 277234 516317 107185 428174 699544 917815 392988 862051 498363 349029 264356 579617 297549 554776 795316 961361 873871 169130 905292 415206 222817 446804 92987 831426 728119 892735 464360 636474 441109 839675 447392 744205 823534 919112 837030 259876 102449 334658 832625 411152 574798 145929 692180 227057 874640 719550 217752 39006 889373 936340 397498 606001 100022 508170 103071 856771 696807 300810 113701 158142 248128 405775 754349 744730 384659 631230 801266 762703 984395 753818
964
778653 982696 118240 98148 62067 952963 341857 374960 572610 194021 15627 535416 464890 615641 626832 136832 97809 856425 757520 446689 761615 523309 27282 595017 988107 731882 337648 45306 987787 282316 163648 585104 748204 780957 725336 907758 816778 776765 802430 627310 871899 52506 67490 120617 6214 472519 412665 83805 659089 586351 692006 730698 571362 987239 929257 582848 858904 398236 121878 101005 239914 463289 335305 922909 974255 212235 293590 467099 907899 917794 135013 477928 527391 779504 350517 150699 537624 137821 371798 987090 324735 546011 908844 743768 185543 115004 392994 24245 616649 424813 469819 12109 241164 433648 253109 92521 829708 598055 695758 835091 890238 39961 666510 922810 160787 189206 754806 327626 513847 323132 360032 368245 405533 708456 274484 55881 393615 973618 628759 288445 260302 536708 546367 856485 425121 600526 621029 111753 496364 392312 187881 356824 533781 574967 911146 94623 940874 477195 169479 150960 432696 268260 518975 728032 684325 105734 318869 581588 867598 210163 967053 100517 765029 222929 934116 824790 779810 294313 162122 650547 913313 851585 372734 444130 999464 891814 104823 934323 311472 964402 111317 443213 855104 399108 782318 473939 801050 407000 801690 29566 818874 956839 838114 409850 491325 880404 313131 247043 89685 377972 935227 586677 467869 18816 261456 118578 380912 124716 546969 326242 692977 819459 409322 879605 546164 686497 405791 378912 758556 233178 20613 814166 249287 690988 376 991006 790137 780978 304208 37991 154632 542031 485251 391518 965286 631622 184164 885648 962235 374328 646457 302369 75789 671303 840095 369847 380889 689232 879387 477962 752244 142881 76256 618356 262735 233170 73274 496530 548831 482381 28433 534531 351806 569431 228305 364919 95547 246772 806585 32590 326258 178000 826197 976668 243840 739342 500569 385482 73530 981946 648918 937958 282041 167762 881193 888133 165662 639346 852926 111644 140804 653479 140133 312712 574291 718143 324642 30786 110871 238196 979500 270318 7325 422675 629382 982816 637794 598475 797211 207780 124674 397728 458451 527304 47326 891446 504899 189688 702679 951529 656705 772367 151769 280481 842002 60584 957654 434762 666105 968529 930543 973445 846530 649650 221252 804303 90048 729497 854415 789674 72281 277367 737005 480504 952599 718627 715535 614872 142316 254679 905409 590430 823698 973173 967452 791770 556557 378698 200200 283623 909597 396074 25257 78921 168367 839289 33898 599771 25827 672536 515718 36339 385678 882141 713065 254033 44668 396982 866933 614535 771122 383457 122383 654769 16108 500076 423866 466880 962412 76396 803648 276666 525208 580877 192846 815341 820334 878888 375337 795745 977656 172184 912221 885644 125045 612909 682115 833206 473974 411214 233851 693698 775142 539332 165989 172407 180901 538065 247326 54444 831978 965427 897222 291324 730713 536073 685458 346179 955290 661269 974282 38849 881116 932360 16304 108258 729973 734147 886438 707325 334469 406553 495837 941446 518049 997913 909875 426347 97698 49340 826693 41275 63634 389193 686213 119321 278848 949398 695160 263160 586728 925335 625404 854546 569517 147306 920751 11750 183339 375310 831344 155447 244225 795559 13346 149917 715629 948064 587446 281399 462706 483729 407769 772139 71070 670852 603248 177583 617592 32557 284477 25768 179581 195311 521489 281533 58144 371804 427074 261418 480670 556515 820094 634365 391717 217629 359443 520396 890944 404114 652082 352681 109796 651693 388616 330909 998907 827598 165190 924124 603874 881357 871307 621917 999407 8886 180150 720135 42477 849984 93793 556115 627618 197917 704002 929126 842553 812438 902347 363944 729195 868351 46631 749801 633217 880698 97440 724172 564914 782304 597012 89157 487654 101107 182647 937086 107504 638505 397197 597068 771902 987330 830431 716316 849495 840785 412973 64767 858795 193922 166060 406373 384048 526861 527676 365997 533956 155012 931785 829751 197474 740455 918615 762270 138926 796612 939329 520352 111462 873961 384179 577030 524585 886111 335161 344383 963800 733193 506700 566846 170358 130551 583386 816590 467691 429721 394338 58829 399062 843917 710683 622883 77846 539754 437583 912073 454303 652591 998169 331490 143595 232279 137337 508016 448314 699240 297029 106464 928002 724031 999535 879051 414389 595664 236893 361636 430764 677665 285905 354800 762751 683964 993626 571119 108675 858445 980610 250006 907897 852621 947859 719328 19505 91501 730445 616019 51936 688042 629714 139431 708978 104726 721463 355171 467518 497250 61236 349913 459797 309109 668832 169552 824203 801948 177253 601161 866279 283640 298968 795078 117010 214510 48978 24876 257745 120822 497851 699948 46022 661265 174136 918214 365297 998741 372773 330342 976918 489681 705917 813447 553620 139492 942260 487291 368586 277496 440236 394811 505812 464118 83813 941790 596315 183596 896984 538327 920076 942638 928760 636116 378226 266744 680321 726405 165672 867252 437870 345418 595609 441688 68564 724850 900332 446332 977086 650404 869107 997265 370022 815984 815759 431162 960436 265718 454519 849877 703574 604295 939069 758538 83791 301496 70335 694903 92929 317958 249281 291752 958184 126177 780494 886468 474789 790817 1540 743081 75040 286914 47002 724074 516980 581655 873435 160276 124066 626942 624376 628417 85724 895999 695713 96803 900949 826403 316169 71791 403572 250018 362900 108007 174803 898397 148034 908884 804347 805999 858130 471079 54671 9733 124682 593684 528574 470139 655642 470391 484533 574266 315149 523818 746160 657723 600712 448637 279029 663165 611476 40307 385278 40350 923103 204631 347513 63688 800756 165448 316189 542379 336513 581122 448784 490873 347329 229790 73116 350651 195949 859179 290723 327917 137837 617938 793157 63703 865417 216994 109641 844976 502309 872885 889230 130572 842525 911894 829576 511504 272715 205290 520812 533901 732645 705771 837062 272108 423300 336628 828109 296671 848595 807645 252468 139627 463023 482072 551372 991248 941277 206061 481895 454948 263064 335562 736904 754727 324322 298835 314274 251171 434759 864072 776387 471114 140943 920086 501373 199091 476538 736418 388364 981086 254936 44530 596468 698906 550953 222843 197896 990275 451641 451366 73941 790122 382704 984869 815906 862760 274181 429124 906396 611452 817247 695287 275981 361078 803983 719321 359137 626259 964600 64958 952803 88597 465637 190853 827748 19564 98281 134190 143728 869233 807070 128703 145721 924145 308760 881442 660199 907394 469495 994973 206360 857422 276394 327227 681092 870054 711450 624689 821665 700665 342649 794536 701280 713509 830874 158443 553942 434983 623902 52121 726955 998025 602420 176085
243
97704 743642 480086 543874 375814 358532 63705 17893 566758 535547 999957 286776 588482 975284 231823 703201 705068 520480 6363 623856 834418 519600 404026 822822 994100 370634 773356 425621 286560 238871 637089 631307 756773 515103 562120 766776 561937 791175 529441 544041 508086 420564 85215 357862 893581 8814 340469 670362 89135 200175 512220 933398 116802 256511 863738 193419 569853 925696 873170 226428 775380 732895 139819 397038 886186 890392 960222 411782 22325 117274 359788 339259 500162 272757 33186 439741 983989 907096 870860 553893 252754 835066 690809 293852 651670 689097 533486 824306 583785 545314 879056 96495 240419 190140 79390 458823 662957 497482 320405 824965 95885 192372 957079 60901 399308 383352 636576 850336 841646 506453 194729 665755 232587 571540 512882 32816 153659 974717 315308 296416 733130 481409 311851 694203 305498 630678 698027 136269 964801 766062 126935 261117 863989 14555 963526 238199 701977 939829 817046 971989 173901 200302 64514 947554 611821 878976 969310 165705 243326 287098 254547 259183 615004 26607 517282 484844 106362 568197 302287 660297 30635 892986 682842 578258 945229 363670 416636 681847 860985 406869 423040 331092 59226 315746 7839 540316 680273 511291 690315 524869 146282 395855 888495 29627 683182 426866 33634 599379 732637 419734 797736 651628 653428 943856 497721 248741 473970 671474 347217 50315 73887 549145 166541 513331 600134 591762 852002 816941 398018 846830 223965 927962 695714 575630 87603 456004 131014 829814 141004 527274 976929 645746 976424 685809 41711 981606 736269 707536 865724 882342 494888 13794 593212 973309 561083 131253 812523 989885 214609 320932 931011 505533 973176
86
5438 6373 9721 5532 1430 5360 4843 2957 4504 1118 3121 4588 6061 7371 8469 5067 9988 3623 2806 288 628 4561 9554 6516 6990 123 3181 7748 2763 4701 9976 5419 4475 6764 558 1437 3471 7415 7658 7114 5766 8945 7644 1624 8102 5379 5438 6623 1415 2091 1780 3957 3958 3688 5370 5236 73 2210 8045 9119 9427 5917 632 1585 9670 4031 6524 807 8242 691 6010 7507 1612 5568 2538 598 9054 2530 1967 2949 6931 7028 1774 4638 6785 14176
78
7911 1597 9422 3481 6789 8759 1670 8936 3218 8500 242 4687 7550 1 1665 8619 7287 7258 3044 3874 8328 4609 1504 4987 301 8382 3842 6321 2828 6000 7523 6591 6536 5177 9012 1814 2564 1931 1357 753 9268 4964 89 4215 4904 3252 4898 3865 1032 6677 931 3295 7500 1568 7818 3487 7719 928 5309 8395 8606 1049 5895 2056 2451 3275 1468 8346 239 9224 8558 1559 4002 4766 5714 4484 9830 7476
39
4418 4711 5909 8894 4434 7369 7308 4929 2 3694 1763 2845 3894 4431 8722 8332 4013 7456 6235 2831 8655 2115 5762 7537 1128 5286 8624 1998 5463 4746 5536 7491 1625 5519 3301 4176 6486 2657 11729
22
3166 6964 2094 5395 1090 8510 7483 750 1110 483 7806 1694 1330 9832 1795 5716 8117 9516 3405 6382 9600 5404
87
5482 7548 522 8363 551 6487 403 9060 1587 304 8766 2108 2331 2363 8790 9976 5467 4799 479 44 3307 4539 4258 3349 9025 2418 9652 3389 8923 5724 5818 5978 9971 1067 5855 7522 8223 8902 7219 862 534 6347 1269 2604 2202 482 8838 5820 184 1554 4420 879 348 2094 431 8239 451 3639 4976 7781 535 8858 4625 3035 5889 3592 6172 2712 3902 3285 7073 9415 9674 8543 6219 8440 1972 5546 2458 3429 4659 1542 5387 2475 2503 6904 6077
49
9924 9890 1012 9948 3108 6815 2940 6880 1177 8234 9229 6121 5070 2081 7631 2458 7939 2018 1599 2307 6194 1860 2022 8418 795 7747 230 711 6444 8777 1137 2967 8479 145 8598 1348 3471 6826 167 8047 5603 8062 2574 9427 8161 5640 4290 1146 2673
11
4243 3969 4478 2303 4685 9598 4817 2759 6424 3799 15993
24
7451 329 6553 1808 3845 8884 6859 4735 2281 7129 8388 8519 6618 7047 2517 2137 1195 7116 2462 460 3244 6373 3267 7825
78
8015 7794 3095 5868 7088 7460 6762 4154 4923 2547 640 4627 2775 5436 337 1576 4684 6041 4916 589 4869 1764 4300 1318 1557 7432 7998 6948 3606 2466 5440 8080 2329 9514 6556 2048 9475 3580 1670 2922 4932 7975 1383 4911 9314 5814 8080 8146 2994 3578 520 9355 9864 4697 5427 9423 4175 626 9176 9667 8273 3326 2444 3884 2009 6116 7190 5306 465 1716 2490 9233 2856 5881 9095 1264 8238 22
22
5288 5448 5274 2232 2209 7260 3934 8735 7351 7197 9857 5229 3289 1449 9679 6691 6286 3587 7350 8656 4251 9681
82
2387 3746 4899 177 4721 9769 6988 7142 6723 6851 1971 5721 2340 4817 4546 1401 7584 9747 6648 5449 9592 2836 1524 5728 771 4698 618 7235 8167 2731 567 692 6216 8398 439 1766 1990 6985 1725 1502 9765 6336 9560 6701 9739 1461 25 6008 3973 6767 9345 2461 983 2373 3558 1891 708 8864 9817 4163 2273 7129 2617 7269 3259 6794 8606 4249 1309 7787 7196 3959 3999 7023 5261 429 8718 2755 5785 8141 1174 7051
97
1703 737 5408 6741 5592 7317 4942 752 6335 4524 5639 1570 1915 9055 7281 7978 7557 7135 8789 308 2656 2791 7538 9721 8244 1074 6310 7952 6192 4780 3900 8352 3998 7012 3742 7611 2939 3464 6409 5084 4746 3368 4724 4702 2304 8258 2580 4870 2314 6775 1136 4098 2513 7918 5975 485 6157 1820 2955 1746 1641 6397 894 6958 8443 7204 5943 5026 3662 2696 5658 3466 4763 2249 7399 2969 9228 222 8981 9132 3040 6917 6329 4718 7742 7967 5643 4583 1983 7205 3853 5379 5744 5272 1783 5895 9
35
1006 6542 4073 2957 9925 7466 2977 6250 4056 7818 2886 5527 2238 5789 2806 589 6634 3044 7229 282 842 8869 74 6433 3921 646 5503 9647 2935 8933 9771 3803 679 4599 14243
39
9923 2740 454 2919 2050 2802 176 7328 8616 8704 1037 8273 3291 5735 8283 8654 2724 6125 2569 7941 7705 9359 1854 964 7750 7479 5448 5645 3376 8594 8726 7824 6206 8070 6513 6232 3831 1942 9920
13
8778 1185 4032 9867 60 4896 9457 5929 7078 7205 7125 6632 10970
48
8403 932 372 6981 2224 8397 5175 8224 1927 8887 5159 6868 1253 1467 3053 4238 1250 8755 6132 8348 2715 356 8990 1676 2966 8818 1535 8645 9025 6044 77 8649 8225 912 7479 6439 7656 6497 5926 5189 2900 6960 7951 8431 9413 489 2183 4581
22
4909 8723 1396 691 3986 472 5765 5445 9828 4018 657 1446 113 496 3670 2450 6477 544 5827 4611 4638 7780
34
3049 9334 9578 5543 5375 4521 8041 7836 6206 8734 1370 6917 5363 6335 1868 8298 7661 6224 1454 4678 9896 4906 4797 5961 9204 8493 9379 8447 2329 9648 2708 8097 4800 6224
64
3074 244 1979 2406 2065 5993 3769 1526 7743 4608 4890 2061 8835 9253 2691 4772 7190 6274 4753 6308 7578 9563 5683 5958 6328 8353 2293 746 6864 7359 3058 9706 2908 8151 8266 9192 252 7991 7617 3811 9771 9782 2185 9840 7174 1782 7375 3376 4654 3460 6514 3082 8819 1027 3740 4474 5141 4472 3712 8452 3883 5772 8572 11660
51
6169 3466 8353 4265 2052 2334 1119 1390 7116 3313 3858 5564 4350 914 5810 5030 6989 1321 8474 6579 1200 7541 2874 3091 1705 3125 8197 4121 870 1463 4727 3419 3516 251 4481 1241 7562 3552 7757 4861 3430 1429 8705 9358 1831 2587 357 6708 4939 4101 15005
81
9968 2408 556 7315 388 5735 5841 992 692 9088 3933 8285 4256 7302 6473 5712 7733 3598 2453 6062 9622 3405 7103 4459 9066 4733 1923 3535 7123 4377 1745 3159 92 3431 1284 6416 4461 5025 3120 1006 8566 6826 1656 8382 3141 4455 9770 1991 3738 8109 9847 894 7827 6479 5919 2679 4471 9533 3264 1037 9870 9977 9660 8279 3397 561 7366 9147 1750 3859 3525 5352 6197 6384 695 5735 5639 8773 6333 2078 5002
76
8173 4577 917 2653 5129 5563 8763 8392 7513 8806 8220 4659 2966 448 6174 4229 5267 2720 1128 3005 335 1863 9666 1757 1293 7695 1895 3832 5803 8287 4492 2678 3916 4785 2190 3891 7357 1879 6869 4808 2060 7858 4175 2749 1133 7848 2501 4167 7377 1184 1170 7484 3666 899 7786 9574 796 3810 4819 2187 9008 9458 3996 1303 6274 7369 9765 3579 3442 2067 704 9940 7014 720 8261 7288
91
7686 5201 5482 3383 1024 4768 2568 3056 6079 9975 1740 3684 4592 3557 4766 6738 3381 6934 266 3133 4299 5537 260 1465 5184 7398 2548 9242 9245 3191 104 9091 2006 2946 9049 4499 7476 4633 8260 2414 5332 7821 6913 8791 6477 2557 1336 3628 7302 9324 2652 8565 3349 5326 726 6317 7080 4022 4128 5778 1487 3309 8135 5073 428 232 2938 6479 7682 4230 7156 6225 6608 4614 5080 7283 5517 9197 2796 7220 8098 2316 283 1950 9866 2062 7558 48 3580 507 15907
29
3020 6854 5872 7465 4038 2162 8012 3384 2361 8850 3759 1828 265 879 8987 7860 9898 9347 4042 6006 2720 5248 47 6926 476 7996 7874 5693 7025
18
9629 1210 1876 8952 747 6179 261 4625 275 2083 5134 2264 1400 7434 4959 2903 1223 7180
13
8075 1477 5079 7068 5198 1038 2810 8840 7191 2765 9582 6930 657
35
4222 1583 9414 5201 9091 1410 2174 5936 3892 3125 2695 3725 701 1211 6815 6457 7161 1913 3462 2964 3966 9539 4656 9681 1976 5728 6028 4749 6312 9079 2583 7741 2454 4749 2948
88
2727 4299 4814 3508 8176 3546 2004 5603 467 3021 4823 9059 8016 7610 7052 5395 8047 5439 9747 3089 7425 2753 427 7772 9790 6280 9803 3390 6908 1594 3413 3174 5887 5257 2087 3071 4986 6423 7330 4166 9786 2555 87 4559 6077 276 2327 5104 4343 3592 4695 3227 474 9483 3044 2165 1292 2618 4134 6905 5409 5819 698 5973 7772 6520 5488 6543 7045 3057 2218 7383 3132 4316 8571 1022 3263 1469 22 3715 369 1341 8345 3053 3036 3599 5699 6608
11
7772 7189 4765 7016 9311 4575 8499 3852 4507 1663 2023
16
7003 9689 8745 9285 2956 5081 784 437 5803 5160 3382 1082 2711 8534 8248 8808
28
301 9571 9018 6771 7370 2508 9903 6152 604 1431 2866 894 8319 1258 5856 2064 1607 5742 3530 6186 9009 2655 3045 1889 3460 1993 8439 2525
93
6289 7822 9969 9490 9631 1713 3135 3435 5826 2031 589 9909 8897 4990 8726 9217 2343 9865 5878 2067 1643 4183 6263 3052 4523 4140 1900 6856 9223 6700 2880 1418 4295 4078 4732 8404 3223 9859 5280 1284 9158 1247 7909 7624 8414 388 5068 6967 2653 5093 9809 3846 4226 6577 7148 4280 3275 1280 2134 4651 7387 9946 4964 6894 8252 8403 6623 6968 9881 8886 9792 8352 4613 6182 9301 8537 8036 1351 8326 5961 3450 5086 5636 8460 5735 5777 627 72 125 6504 4812 1384 13072
88
1587 591 4320 2864 940 2622 7763 8938 2334 3771 7895 7638 2729 5175 175 7689 87 1933 4228 1468 3188 1055 8209 3852 12 3611 7914 3329 2750 8115 5736 4491 5102 6699 7097 1464 1731 2820 1809 8777 1384 2947 53 2305 8295 6102 9611 7189 9762 7077 9309 2892 9344 4571 40 671 372 2330 4484 6943 1610 4966 3609 4815 5774 4988 3254 6143 7423 7562 2673 3948 6820 3101 8449 9462 8419 442 5065 561 7806 6916 9668 8299 7699 9096 6168 4137
58
632 2810 3781 6110 9947 223 6592 7640 8085 4256 1701 4313 9090 5700 1854 1627 5589 9739 8840 2703 2426 246 2334 1692 3468 7690 1607 4393 5799 1965 9036 8909 954 4934 4503 2041 3566 3114 2611 6317 1781 525 4794 5758 505 6785 9132 1833 2492 9296 6045 2951 3805 7034 3595 3275 8282 15129
17
5825 8649 6719 2914 3831 9040 5605 1748 4224 5512 759 4159 3716 8140 8763 6211 926
65
7287 9293 1041 1476 3934 2959 9672 6738 3255 7689 823 1621 7769 1204 5443 3692 3017 6645 6925 9761 8978 8148 8239 2809 2384 1649 1186 1457 3125 9870 1648 6502 3482 8283 5935 2480 853 5785 6414 5888 2208 2371 5305 4183 2166 4292 2245 9444 6675 793 8187 9797 4026 4817 1598 9045 1564 8954 1891 2443 5760 2867 928 3427 12013
52
4092 27 9798 7253 7876 4263 4349 3808 8630 6455 2227 4959 2156 5240 4712 954 546 8519 6206 1976 6976 348 271 8211 9044 7258 6910 1086 9961 1738 6516 3697 9412 4016 4695 6927 3230 6957 3001 3257 2187 5808 7610 6878 7631 3838 5966 1332 280 8382 893 4730
90
3381 3906 5232 3007 8 2719 4150 2803 21 9554 4644 2589 1067 7547 2394 2286 176 7217 4673 722 575 2376 8060 5751 5490 5021 8566 3541 1301 9358 9543 9060 1310 6262 8025 9692 6540 9426 1371 729 5784 9729 4595 1538 3 2611 211 3187 4647 6778 3928 3253 7228 3966 7153 3626 4076 4703 1528 1602 3489 4648 2976 4527 5621 8480 2458 7620 9094 1706 2201 381 9007 3797 2890 818 8050 6569 2862 9080 7011 8806 6317 8815 5554 4241 8679 2067 9397 3436
47
4521 2380 6789 7529 5158 3062 6542 8780 8682 2017 6045 8041 8965 860 2142 2371 570 7513 1278 2024 1300 7523 9631 3761 256 1743 7173 4541 4237 8417 4464 6377 4490 7921 4826 3110 7585 943 8592 7190 627 8007 8887 6150 7492 2906 11162
71
2554 9785 4222 5892 484 5734 6972 1168 9491 311 739 7318 4894 1100 929 2845 2568 5358 4828 7509 7065 919 5183 9928 4520 1966 3731 6883 4488 5181 349 529 1380 3449 1052 3448 7861 8666 710 8289 629 4292 1848 2994 8197 4928 4973 8686 3320 9178 4740 3246 7342 7557 5735 3955 7627 4434 3876 7168 2670 4448 7820 9459 7510 730 2021 9375 1816 9690 3300
3
2524 9738 12246
92
8289 4196 990 166 9705 2873 2879 2669 5674 7054 9714 4409 7433 883 5053 3821 5281 5110 681 9706 6302 6827 2745 4650 949 6382 5345 6540 5730 8480 1881 7439 55 7804 1726 2239 2224 963 3749 4908 5851 9888 7429 2046 7559 4143 4713 2153 6246 1761 1550 7848 8056 736 5260 850 4082 8545 2184 3632 4899 2112 9617 9874 9047 8459 7026 7467 9196 4844 1715 8547 3497 2298 6214 9064 3080 5303 1201 660 5670 5101 5304 8740 9790 2544 9599 9545 6825 734 6341 3761
26
3467 6498 3545 1836 2808 5399 3526 8408 1138 2487 4058 2116 5839 7280 8283 3197 1966 7571 7500 9416 45 6223 5110 3714 2393 12249
77
2843 4619 7265 8584 2776 9189 9945 6311 3767 5245 203 4812 8976 5563 5542 9275 3862 323 5200 9898 1 6381 5400 6534 7362 7335 4205 6666 9908 6617 327 8386 9319 9053 6774 7942 857 2964 3236 6649 9361 6130 8474 8172 8169 2916 1922 9286 5273 2347 7018 1400 9479 4701 4837 8941 417 5634 5752 8710 5600 7300 1612 7183 8249 9730 6593 4602 584 6780 6593 772 1059 9082 3699 6976 12259
27
913 892 8018 2632 6450 1359 3682 767 2368 7361 1963 2074 8310 7778 3730 5444 6013 9711 6831 1092 1087 3816 4902 5558 1757 988 8154
43
2941 9721 5163 8677 5478 8792 5501 49 5447 2017 2609 2091 2478 3120 5148 3480 9730 3328 8601 3763 4391 7748 7583 4166 8384 887 3224 2319 4980 8940 9171 4942 4345 5323 7884 617 2755 8362 3213 9974 5073 6975 1090
13
5505 9952 4700 9674 5124 9501 5323 1169 3577 9311 7192 6571 2465
85
9509 4809 4635 2635 565 3915 2829 7499 7982 9521 7441 8777 2386 5984 1808 2967 8944 8247 6052 8554 8908 2686 6328 262 3756 4296 2295 3710 6240 8796 2503 2415 7949 5682 4970 3590 5134 7403 8636 1193 9552 5867 6559 568 1043 7012 4088 3799 5866 2842 7802 2565 1718 3970 8390 1336 4372 1859 5883 5786 7502 1330 3136 1675 2916 7073 9160 6306 800 8189 4018 1344 8459 9124 9987 4628 3710 8458 8989 115 3852 3008 7966 5699 8602
73
6029 7769 1812 1280 1916 6558 2936 4121 7438 3166 9111 5917 7639 7718 7079 76 9142 3303 8638 5699 9462 1805 7763 7496 9536 2700 3147 6557 4181 1759 3681 1957 600 9914 4478 1091 3272 9007 3537 9761 7828 6034 7382 9706 3209 925 6874 3780 8937 6243 8132 6945 2604 788 3053 8579 5501 9039 5759 9491 2309 8929 1838 975 4052 6162 459 3524 172 9017 2424 4807 9442
73
7573 3368 1694 4974 8239 2625 1664 41 3001 2764 3992 5264 9667 8074 7709 6288 3594 3874 6440 3489 7854 6631 3398 5921 3463 5110 267 6661 5825 7308 8044 9868 9803 2904 4013 2025 8 9228 1434 1862 76 2485 4373 1076 375 2975 4713 1504 9786 2671 1227 4203 9803 905 4890 3757 2728 2615 7995 8860 1831 2245 4354 1774 3568 9598 4917 6629 674 973 2846 9877 6228
18
1060 5995 9556 3122 3908 2135 4556 9903 5314 7647 9483 5921 8911 1501 4087 7818 509 1788
14
3670 8579 7589 1927 2504 3706 3657 8546 3687 3275 2530 3699 9449 15546
42
3048 2851 9045 1092 2485 5226 8021 6015 1440 9362 435 1157 1309 9735 9048 1537 1980 3181 4665 8154 3758 5185 3974 4289 6320 7703 2705 145 6635 3683 5332 7303 8018 5987 5994 8848 1856 1597 9829 8588 2798 12607
12
7354 6464 875 4259 5166 438 6032 5048 5482 873 6481 2256
75
3 1682 4957 219 6301 2614 3546 8945 3367 7864 1874 8513 2584 6096 1487 5415 8253 8019 2336 9457 1502 3990 4389 9821 4873 9277 7533 206 391 9385 5145 4041 9868 8786 1436 3413 38 3007 4763 2716 9619 5511 9038 7853 5031 6490 2858 1800 369 5859 3597 3274 1748 5644 1130 8776 2365 3698 3599 8611 4410 6897 2750 4564 5891 48 3851 8465 9056 6596 2736 578 1720 5606 15536
78
1869 1211 4849 7030 1984 546 1876 1404 9649 5880 4345 7108 8983 5344 4813 3296 9088 501 5735 1878 285 5639 240 6907 7416 4335 7779 1598 2904 867 2172 4662 5844 8514 2990 1088 4255 4527 2808 5941 6360 1311 9681 3381 3854 4692 7568 6596 4357 9139 2821 5539 7099 6874 9202 8969 6329 1103 7092 904 5009 8622 9655 7702 7517 6337 9866 3107 931 2390 3550 3194 2156 6952 1241 3068 3379 14651
29
4971 5536 6306 5784 3892 1892 5573 5258 9436 8195 4042 3812 4894 8842 4049 6122 6199 2063 1267 2366 5029 8860 7392 5728 3532 2815 5491 4339 2383
55
5437 7338 6785 650 1173 5641 3404 1341 8069 2544 6920 936 1865 3270 4135 8536 2317 3670 9891 7256 46 3759 5870 8268 1600 2807 3613 7400 4376 1269 4763 1980 4670 4660 7009 5020 2191 1590 5148 6624 1622 6174 2524 2442 9500 9715 9032 1137 3492 9591 1129 2135 9671 3727 6528
87
5624 6942 1363 7064 7528 1611 3015 7280 5917 7222 9160 6218 294 3135 1596 8159 6251 3913 3090 8044 2207 6109 5888 4527 8609 9985 7422 1598 5478 1393 5902 4695 6024 9975 4042 314 6238 3840 5322 99 5775 9472 5199 343 6462 8147 731 8054 8889 4058 2318 5828 6373 4403 7097 9511 6410 6357 4627 2649 2295 6940 5773 9638 3081 5920 3670 1784 548 7976 9218 2460 7807 4102 9819 7400 2077 6533 8337 9221 4146 9670 1884 8899 8858 891 8759
86
1334 6063 7407 8010 7029 7922 28 7544 4788 5881 5241 9156 308 4097 1329 1051 9577 3421 2323 3145 6415 6462 6645 1085 5380 1113 2595 7839 8389 7108 589 879 2362 5781 3758 1232 8182 7238 294 4108 2396 7962 3899 2740 7462 1849 2300 5916 5042 4923 1176 9327 5805 6572 2924 2017 4342 8534 9113 255 4935 2729 8775 5691 8821 9249 3123 4475 1073 2016 5635 7693 2467 4394 425 1397 9171 3050 8852 9295 1210 9967 2060 8845 8149 9994
35
8864 1588 7441 6783 4845 401 3033 7459 2216 89 5499 3075 9121 2677 7858 5092 9882 7081 6870 4757 2020 124 3059 9700 1337 3705 2974 9118 8717 7429 4340 6245 7759 360 7723
54
7251 1418 1136 9121 4674 2794 8974 2433 7498 4740 9713 6644 6278 7821 6512 8919 4100 4794 3699 42 3323 2977 1960 4250 7196 4866 7291 1540 7196 1981 6545 4590 257 477 9632 2070 7490 8962 6966 4343 9710 9521 2405 8620 9478 175 7842 2686 3058 3285 7613 7381 5447 2808
14
6179 3791 4160 3489 4094 347 6017 2969 1782 3502 5173 5282 8011 3380
75
6999 203 6878 8743 1113 1815 9801 3769 302 4374 5595 2619 8493 2751 4681 9880 9325 7060 3681 5081 361 5636 3586 6621 5994 6886 4774 9937 4375 5711 1059 2866 1520 6839 4573 6143 3362 1410 7051 6543 1989 7351 8470 4526 7444 9545 9441 2784 4868 8995 1152 2509 4960 2818 9322 2245 6741 2370 9637 1319 376 3420 3214 7028 6077 3185 4775 6732 5406 2448 9731 7506 9169 7323 3848
4
9283 4917 9932 4538
46
4761 8471 5431 3895 5522 5597 6030 3818 8340 2801 4867 4121 4599 2770 3120 2291 6107 7975 2638 3345 985 8998 4153 7054 5983 5953 7681 7762 2733 2064 9504 3751 4325 18 8170 3138 2094 3337 4958 3404 6015 8842 1175 2225 1923 3226
36
3244 6299 5859 9241 3458 4647 495 285 7414 7176 8431 8591 3440 8098 2659 2678 7329 4451 7030 9672 8216 6399 6588 1781 8175 5385 3747 5209 3238 527 8523 2664 4815 5102 4147 6805
18
567 686 3304 6633 1458 630 9587 384 2805 9344 2822 303 7085 3015 7171 2055 5711 3938
55
109 9151 5012 3724 9388 6458 543 1678 9118 2603 8440 6156 7426 7072 9582 4144 5321 6528 6134 9071 399 7936 4013 6095 8638 8357 8160 8830 9887 3358 9606 7491 917 5742 6499 9408 1537 1472 2952 7341 9982 2808 1552 9959 552 4400 7741 2358 6179 5992 9312 3975 6378 4251 11535
14
4865 7716 4971 2484 9815 9724 6846 6917 4602 8038 3947 3460 6620 6646
47
4744 2254 4266 1324 327 2845 123 8391 8446 7927 4431 9855 2134 5080 632 1942 7174 73 8480 8387 2292 6136 341 8493 1191 8059 6115 2903 6903 1963 7569 3036 1969 6744 9483 4582 3508 7718 2920 5527 6445 1319 9905 8556 7335 8554 7853
79
996 7428 3556 7377 229 8653 5314 6369 8993 6262 1722 6393 559 4770 3633 6927 2220 5740 3615 8788 317 5812 5737 5391 4460 4681 9681 9454 9239 8322 7178 5977 1237 3780 9411 8524 1668 5069 7044 4119 8645 6965 6781 9750 4337 8829 8868 9065 9940 4447 3645 4782 674 3309 4405 937 6696 6469 9265 2278 3469 9382 8403 8448 301 5195 2702 385 5916 5969 7219 2326 7423 7498 2826 5096 5393 4608 10385
13
8112 3121 4266 1767 8579 2472 5188 7171 7248 551 3704 5741 9154
69
8393 2482 6200 7433 8887 4914 8629 2019 6662 1108 2902 4278 8552 2907 7403 1589 4307 4480 3928 7165 741 212 3724 4761 1474 4321 1415 9193 3271 2241 1540 1105 1223 2479 3063 2977 8810 9231 5976 2762 1300 4128 5753 9218 4324 3759 8318 6760 6797 9180 718 3260 4914 7427 8129 4521 1521 542 1231 5191 4134 7554 439 6068 2786 1241 4603 6250 5618
93
8327 6047 9986 5680 6842 7853 6671 8334 1397 787 755 6330 6109 8305 7054 3042 5429 8934 1393 7554 9750 7394 3912 2002 8581 1643 6128 871 2184 5405 5423 6997 3174 3533 2361 6518 5722 4443 7408 3371 7190 6622 1428 2866 3687 9884 2651 5836 9399 520 789 3867 4516 2370 7995 8235 4270 7678 9046 9001 1708 1090 1406 3849 7584 1868 577 677 2347 569 2878 5985 2209 572 8685 4885 284 7252 8573 8953 5368 2523 1533 548 3548 5319 782 6847 1792 2069 3450 3319 12642
43
9059 8110 3693 58 7586 1643 397 2158 5678 5484 1552 782 9735 3001 4740 9175 5772 560 2494 1404 9265 2374 7462 4446 9373 9804 7891 1651 3457 933 217 7870 4768 1386 5454 4883 4490 510 8713 4411 2552 2365 9861
76
8982 8890 7539 678 7544 4778 1871 5604 6052 9173 1843 7284 4211 7951 9303 6067 4810 5170 8317 2238 1821 5726 1132 2577 9878 8697 7305 4395 463 4993 4444 6970 3449 3502 2589 1221 9753 339 997 5345 4909 8647 9252 9678 332 4471 9623 7472 908 8714 8985 9416 2500 126 5749 1831 4740 7843 1330 9065 8434 83 3652 8836 6976 5539 5462 7589 7551 4223 6231 8844 3647 3884 5279 10870
65
2400 2295 5654 3566 8034 2958 1748 132 1113 9969 9533 6295 4984 6782 5073 3079 8264 9557 6858 9413 1431 8112 4804 579 61 787 3186 5682 9340 6672 9672 1117 3201 3983 3553 8684 2496 818 2088 3248 4718 9959 4487 5742 7477 598 8284 5758 4350 1757 8186 8730 8042 4210 2770 1038 9875 9274 7375 6942 370 342 8664 3503 3648
48
6387 1638 9313 893 8697 1738 9151 7092 6214 1422 6183 5850 3356 3869 9085 3982 658 5966 23 870 80 9718 762 7211 2324 6849 2049 1164 8296 4603 6812 4307 5771 5298 3093 2029 873 9346 187 2229 8532 9380 9268 7486 9352 453 8634 6927
63
4400 5505 2193 4432 3024 3809 221 1463 4940 6646 6451 7270 7507 2537 6658 2440 507 2125 5050 3135 3295 6118 8904 1468 4125 2917 8814 912 868 4219 7912 1543 4300 4812 747 8049 464 7841 2214 5649 2499 4108 7973 4187 5457 7813 2861 3984 1261 6068 7576 670 7785 9297 7043 9109 1632 3564 7173 5370 3070 8409 12125
32
6503 3586 6226 9349 926 5928 7521 9103 7997 5229 104 7843 2750 9039 5682 8129 8716 4174 1805 4389 2103 4029 3792 5983 3837 2714 1996 931 8045 8869 499 9997
23
5546 601 3002 8824 265 9568 6481 2780 9250 7419 10000 7764 8879 7019 3904 6897 102 6203 8898 4170 5683 6319 8609
17
5647 7868 2012 2836 4323 2212 5503 9852 7448 2947 233 4792 6828 3622 3975 3270 15422
57
414 7738 5605 7567 9547 4323 3333 5990 2168 7659 7945 4430 7310 3706 1136 6452 7569 9030 1037 4368 2396 9885 4674 5285 9576 3635 3263 6936 1239 3752 209 9972 1446 3214 1497 254 7962 9949 238 5899 2229 530 5356 5574 2150 2805 9400 863 4159 8045 7777 356 9167 6331 8630 6260 8222
29
174 153 241 8983 8081 3645 234 6585 6231 8521 3534 6076 9155 3137 3375 8115 6626 8392 6479 7030 4605 9959 4361 9593 4271 5595 9680 5716 15317
45
4870 9972 7527 3873 7659 4616 6055 124 4758 3684 3256 1150 9074 7836 6480 4666 2409 4557 2 9692 2790 3481 758 6268 5207 5229 7543 9717 3350 6724 6299 3316 114 1575 776 3084 1408 7981 169 808 6273 2267 5722 6010 1841
