100
5
1 2 3 4 5
3
3 5 6
2
5 6
2
5 5
15
584146 558281 338596 412174 77903 844358 768144 132486 297963 783641 955705 529554 864659 762810 528350
15
722362 99478 60945 952077 192565 134138 199737 70226 966791 270367 126113 787215 308992 505626 315625
12
849369 683518 4839 50563 611072 267085 405282 149752 326762 427482 993267 730638
13
305924 219837 776591 672067 753767 532833 974647 442771 441170 214641 881803 798250 618837
3
444186 376426 227696
13
620332 103711 173939 522864 753403 956729 108680 745925 269264 524668 473106 212282 691771
12
523208 635147 226541 36072 356189 375044 269935 1543 276268 702819 636351 935687
10
759450 158507 367387 465314 885028 784310 244756 32647 961825 26408
2
572015 352089
9
648870 547184 540399 210089 693371 216952 959291 552423 368719
3
2271 5004 6995
9
3944 1478 6213 6140 5488 6717 588 7366 950
11
9754 5706 6383 877 8975 7937 364 6103 7371 9951 15219
11
9557 1175 6885 6778 8944 1656 8330 1655 9483 8789 9836
5
22 6177 8408 7480 6394
15
1523 3684 1783 5129 1819 4621 3447 5854 8724 3717 294 7030 2006 1471 9086
5
6004 2031 7892 3162 533
9
3920 6083 9155 5815 1403 7317 5785 3013 3062
8
1142 4740 6315 9917 3209 7489 9786 7958
15
4128 7290 5235 7686 7232 4385 1426 7701 1804 143 8978 9759 2941 8851 7185
13
5268 2616 6938 1634 7651 9503 3820 6354 8227 4621 837 9135 16338
13
8747 6960 2643 1808 6764 6248 5372 1364 4609 4131 9876 7325 8159
11
7660 6876 2249 6345 4732 8641 5775 2163 2427 3949 15463
12
4619 6139 6441 8414 1172 7391 2884 8971 1035 8769 9077 2364
11
4068 124 6524 7910 4832 6629 3219 5240 9946 1095 14705
6
341 3105 9252 3609 1168 9177
5
1133 5465 9419 7554 10365
4
5709 5221 6042 5554
4
2144 9856 9445 2565
10
7497 8247 7496 9780 7330 8844 391 4435 7591 13663
4
8030 5969 5763 1904
13
4513 2041 1547 3850 8260 6904 408 4462 9367 4884 3163 8768 11403
15
9420 661 7903 7376 5560 9208 2207 2522 874 6055 3827 3124 7638 9751 16024
14
8235 2751 7206 5659 8631 6401 9490 2598 2151 1936 9588 9389 7892 919
10
2811 8335 564 2386 6656 2551 7100 8280 7908 4511
14
9671 7041 8500 3823 5783 3250 7230 621 911 7675 2825 4715 7052 2417
4
9221 9085 9369 9723
12
2319 3076 7633 2830 931 4746 6846 9839 4894 6353 9704 4107
7
5674 7590 3306 3454 8275 4783 4079
5
8543 7952 124 2943 1960
4
2836 8082 9853 13051
7
7388 1300 2713 9545 7898 6805 7945
8
2422 7770 6888 79 609 2977 526 1605
12
4793 916 9370 8987 2 1564 8160 1484 4821 5732 4532 6659
7
1432 1222 2616 6785 2855 4559 2831
6
2806 8867 1485 8830 1591 318
8
885 4484 1917 6270 3403 5061 7919 3475
13
6424 6069 3690 9700 6359 1266 2975 9940 6029 5166 3875 5283 3182
7
3663 5395 9008 1945 3444 5650 1599
8
5307 1231 7079 9942 8056 5408 7658 5392
10
860 541 2080 4248 909 1384 2703 2044 2790 751
8
1654 8935 1427 6062 9277 6541 3699 2778
6
7194 4744 1731 2553 6332 6420
6
7335 3548 7805 512 6654 5368
3
8422 349 5864
5
4588 4234 9887 772 9469
7
9451 4359 3287 4146 9765 429 3713
12
7621 5522 7883 6194 5563 3237 2984 8576 5953 4423 7110 8717
8
8741 8439 8766 2517 2990 4806 7476 4646
8
3033 4613 2424 5154 8675 9111 6876 7214
15
4156 4379 3033 1209 3169 5857 4655 6834 1503 193 684 2934 7950 2488 4353
13
3716 7840 8427 4992 2260 7038 8510 4645 8914 7911 4022 6735 6626
14
5703 3710 645 1317 1070 7095 8544 9371 442 8652 5318 8628 5577 1334
5
8477 7251 5777 7201 14334
11
1322 3807 8518 3938 3642 9710 7302 5202 752 6392 7385
3
5406 8714 14100
12
8815 6747 3295 4161 8269 7939 5205 7604 5328 686 7277 2127
3
6594 8039 1701
9
5228 2556 6578 2655 8898 7341 3930 5716 3844
12
778 6350 6158 4089 1115 7786 1184 1943 2956 3731 9587 775
15
209 1171 1956 3853 7429 9819 1418 9942 1446 6967 6754 4590 5737 7950 2195
8
9442 8650 4017 1807 3252 3894 67 3625
4
8548 7479 6898 9889
3
7781 9162 15791
12
2069 5217 5175 351 3010 8825 8895 8721 6617 1192 4451 11291
9
2417 7273 8167 2374 7609 7808 4788 9913 5852
13
7934 92 7930 4843 8542 2942 1319 1619 2526 615 4731 8453 800
6
8893 12 7745 6556 1048 8564
8
1371 3923 5380 1824 6739 4976 1866 5701
13
4023 827 3293 9200 1470 1850 4103 2580 7950 791 9215 4840 5688
10
4038 1052 2867 6364 8503 618 7675 1465 334 8804
6
7926 2297 8290 1334 5381 9822
10
4589 2786 1458 4201 7610 2840 3319 4505 5902 4630
12
2457 6462 7016 8444 8309 6843 7374 9172 1563 6806 4765 8439
11
3223 7416 5580 5201 820 9949 2944 483 7534 2401 5486
12
847 7514 5686 4023 3251 1370 2514 8639 5578 165 1664 13823
15
5420 8620 3757 7065 2667 1210 9597 8857 5765 5439 8100 9325 4476 5232 5630
10
3402 9163 358 7036 8448 478 5661 2989 8533 10400
13
8814 2226 4848 7257 3979 9928 9719 1205 3449 7889 4336 1042 11070
9
8753 1687 7493 5113 599 4360 4125 4536 14560
10
9384 7787 3650 4618 1672 6349 9033 8633 8316 6722
8
6918 7666 117 5363 6611 288 4415 1870
14
678 6152 5166 4363 261 8710 6878 8187 7628 4612 1616 1497 3209 9830
9
8752 735 2888 3048 4832 4683 8457 7767 4439
12
8898 8103 5401 6310 3283 3493 3806 4389 7210 7050 5459 4330
3
4415 1333 5130
