100
5
1 2 3 4 5
3
3 5 6
2
5 6
2
5 5
15
837262 1788 749569 936308 631444 617025 818556 163822 954836 202721 76760 193398 954362 785175 792886
15
286622 628655 603463 623866 91925 371724 192587 490814 770730 949841 196423 493223 159393 516579 53241
5
672612 354313 307951 705118 89052
4
146146 557681 362228 622411
4
733227 698850 220115 180762
8
875465 146904 54951 822680 677236 583720 743448 696487
13
165817 364045 428433 317603 391136 790936 454143 355033 456180 511768 128890 215527 834985
14
242414 874793 254258 344761 36213 866183 229093 132922 814584 656554 942641 109661 117192 504854
3
698683 954009 272290
15
405670 185030 737659 285898 675539 63131 596590 951229 415220 463924 340104 791468 203632 426622 534681
7
1973 9321 4483 3370 1498 8052 2785
4
3845 1339 1458 3980
12
1390 4954 4996 9376 2807 89 4248 8011 1207 9095 3573 4005
3
5961 3887 6246
13
6509 8850 5530 2687 7929 5940 8727 4067 3764 870 4767 3640 4438
10
8990 7429 9170 3108 6715 5217 6360 5125 4496 4049
3
5020 3841 4529
6
7765 3172 4363 6396 716 6410
7
5307 8839 2752 3812 2566 3306 13556
3
3255 2823 1968
10
1262 1989 331 9553 8511 7279 2602 8402 8667 4418
9
5430 4320 900 5705 1321 4685 5598 7726 2687
3
8784 6056 13816
9
9612 7421 4231 8986 9655 8548 2448 1498 629
6
4921 3458 3028 5840 4510 4641
12
3820 7545 8489 6065 8272 5061 1163 1884 6351 1423 5244 7283
6
6885 5798 8251 8129 1596 13701
13
9136 8840 9728 4064 8363 2260 9662 123 2501 208 7905 7299 11797
4
4246 2172 4331 2049
9
7027 1632 15 2339 6695 6702 136 5802 8360
10
5835 1023 2299 5816 5672 2770 5219 5969 3768 6663
14
6201 5104 6383 5188 7023 5691 9706 7889 7825 7323 9951 1063 5902 1777
14
3489 984 8630 3258 5875 394 6621 360 5488 219 7607 9619 655 6332
5
5435 7324 4706 8926 2636
5
6208 6335 3097 5849 6719
11
2490 6564 3798 676 8504 4741 8683 4577 4674 7824 4873
3
8816 5748 7391
15
9157 8498 5197 9084 5447 2692 5377 6677 9495 8464 1967 6692 699 8574 99
4
5458 2558 845 1926
6
1114 7938 4799 4844 2946 378
2
9665 4194
4
8629 7262 7335 8524
15
3141 3002 157 9479 2079 7246 6360 2424 7903 5576 390 8573 3183 3687 3696
7
8594 5113 4121 4921 1641 6510 11852
5
9488 7358 5282 9589 2169
5
4756 4705 5705 7938 2494
13
8756 2625 2025 8723 6150 3220 1015 9612 6172 1802 6151 2278 12433
13
385 111 8976 8422 6673 6414 619 876 3327 5911 406 5845 3243
15
827 4995 9649 3100 5213 4878 9184 9906 5073 8552 6236 2417 2207 2067 8952
13
9322 1677 5763 5240 2547 2360 808 8528 1513 3708 8902 7112 12340
6
6976 6705 6837 6788 9542 9222
4
6967 3442 2359 1188
15
4948 690 2263 4203 7913 9730 8209 6584 7326 7262 2282 1532 5554 8800 12828
3
2975 230 2937
13
1919 177 3932 6510 851 5855 6081 8585 1845 8335 9513 6135 5647
14
884 503 8232 6113 4942 4591 8058 4522 4375 5584 4327 1292 4429 14682
6
9138 8849 6914 475 9319 1960
12
843 8806 7908 5986 8480 5940 4896 7370 6461 2986 4669 4607
4
5924 3844 9830 15942
4
1347 4393 9194 14208
15
2401 3390 4670 2680 5147 3358 7691 5893 1830 4410 3398 5317 5534 2541 8190
7
1445 5055 8827 8624 3902 6915 4659
13
6719 8105 8188 3156 9575 389 1546 5470 8969 7765 1425 5449 3084
2
7740 8670
13
745 3574 1892 3739 2572 1645 3575 6443 9325 7873 1131 1882 10176
8
3894 6881 8237 2247 138 5518 6028 16309
3
8022 3071 5289
3
5123 8171 3048
9
4589 8932 6817 3960 7503 4539 1055 4195 15960
5
9850 6035 7186 401 11370
7
5368 3363 1430 5001 4642 9066 16012
11
3065 9380 4585 230 204 7155 8915 7461 7407 5984 2843
4
4078 5456 8919 14441
13
4874 7251 2944 6438 5675 579 2739 461 8501 3806 9392 8066 5680
2
244 7404
12
8410 6125 7128 3458 5534 6308 298 1649 232 5443 3378 441
11
4745 4851 1083 4515 7048 5337 2246 6634 3756 3239 4420
9
8090 1482 2681 9941 4950 1817 3431 6271 7988
9
1195 8749 3668 7685 7715 6223 1718 3101 14864
15
6224 2971 1296 9422 2286 813 6104 6662 8349 78 4962 1670 3724 245 948
6
74 9920 8083 8885 5191 4075
7
1181 3648 9288 9605 2870 6893 1150
8
9246 6108 2963 2453 8207 4263 1454 1391
7
4427 137 8181 1887 8309 856 10821
9
8951 5591 8976 6310 4148 7492 4327 2629 6980
9
2530 3866 4474 4104 512 2202 7617 9146 271
9
7371 7523 2634 9880 3867 8594 8266 7797 4207
7
3309 7726 3224 5210 9573 698 11742
7
4524 3601 7869 8954 137 4214 7348
11
9030 790 7309 7743 5403 5201 5497 2226 8466 7159 1158
12
491 5671 2204 5796 5047 6647 3000 7601 7822 5526 6715 1182
11
3710 5240 4414 2006 5430 7278 6105 2763 1569 5148 2713
3
6564 2809 4957
13
815 7386 1033 1055 4185 5581 288 9549 1953 2505 7642 5234 14810
5
8847 8547 5626 3170 4726
10
5376 2221 6428 8091 4041 2693 1682 3908 8274 14306
