2000
616460070328 27 8
3320 9 41
19 5 17
772 20 95
34 36 15
692305 64 35
131 66 6
20 91 76
700 47 94
57 35 37
60 1 94
47 97 87
57 68 91
701715247257896 96 5
67 58 34
20412392 88 49
58 64 66
58782202913 84 52
90 18 50
9961192672 65 34
96 81 8
26 12 57
39 30 77
95 75 86
143 65 13
434505989739610 91 0
124 21 73
242694526 33 44
9773 91 99
6 10 21
8058 42 70
10 17 89
140 96 14
39668871 63 65
3 81 71
20 93 75
922 94 54
943027305742 22 74
9886979019 10 55
80965785 98 91
741299908462789 21 44
576756932 25 3
88 11 21
30324218362874 78 35
102 97 88
63 85 30
6 31 30
42 22 90
1 50 91
9374628439 33 31
16 30 21
135 11 43
123 64 42
34 34 76
112 49 38
59042 67 74
45587 7 14
830417073393530 81 100
48 9 97
5573595487059 26 82
31 89 89
3187855006052 81 52
6657481948584 12 57
428969262741890 84 2
46 7 60
42 80 7
44 64 98
73 91 59
55 59 25
58 70 92
70 82 57
2975620716 13 17
11 10 40
2 75 63
68 41 74
470985 75 56
27572 65 96
2821 85 97
7912350361713 98 67
214687036681067 46 100
211 49 42
144 63 34
108 68 25
82 34 27
6863710529 71 24
94 19 53
90660955 61 18
369205 63 66
119 94 91
3912935422 17 99
96298117110748 4 85
18 44 27
48460833 62 52
65 53 82
65693716 13 22
64 16 58
2502 67 56
2333531 29 23
55405855342 56 36
11 22 28
18808 97 73
56 43 25
6132 14 51
68 26 45
4237412 28 18
128 62 60
8 91 93
73 56 36
24268069 97 59
2031814582636 14 49
23 80 13
1 64 58
34 77 56
2 80 31
1904209980749 74 11
85302 10 5
2792 61 83
84 86 90
28 95 67
85 26 52
81032527115 37 29
18076183438593 78 0
106 46 62
33 72 44
53 43 10
9473237 36 87
304316209155530 94 98
555310661809127 71 100
750316547671725 57 0
67 54 29
66 71 52
122 3 37
126 4 83
109 44 9
80228 29 21
669843 52 26
8 14 61
650012 88 14
61 37 89
196 25 77
24 92 64
8 72 12
34 24 75
75030 95 84
456157474094 77 87
123 46 62
40495175867295 53 70
7812965785 78 66
87 54 47
64021192615219 73 68
4407 72 96
46045185 90 44
121 16 2
473699918882806 69 90
124 24 3
9138535656036 79 73
105 5 22
997 72 61
652572358682446 81 100
15 52 76
2 48 52
48185053 98 95
6031 69 6
78111876 93 89
607 57 83
391 82 13
76 24 80
87132844331 4 2
11 25 21
518111 57 65
63385613080 37 37
88117 57 76
16 12 17
163881711459928 63 83
198935162 11 42
1 55 27
19 76 85
127 85 46
49 31 75
75 98 29
5413828 79 19
55 42 69
46258929 61 91
106 86 26
25 22 77
1961652266 21 95
756844049 17 37
703826181732742 5 36
74940014101129 97 37
57 51 72
690014975462285 94 100
93 40 28
89567265093804 68 67
763 72 23
90 90 49
142 65 69
2 14 96
97 9 36
653998687 88 28
73 10 29
72 29 14
76 27 90
58 97 10
58 1 76
82985531705 33 90
78 8 30
85706773306 1 89
92 92 27
43 83 13
10153 77 42
19 47 29
21 76 78
800465223747632 49 75
12 66 33
115 94 14
1133262718 26 57
89 70 40
66642 43 20
5615967456 68 42
9260328 90 88
124 73 93
923904426088859 11 71
106 37 63
7106731 94 15
131 1 68
12 38 25
3076617 28 72
46383923 68 52
82 2 96
97 66 46
2270 3 47
607 57 44
103 47 82
111 16 42
265327 23 57
6867415554 27 46
100 52 59
94 99 87
147 95 83
35 37 43
205103760662476 4 36
36 52 78
137 32 57
48 84 26
635839723383 26 20
73 81 35
15 5 17
956475438485967 72 17
20 22 71
69 25 43
61 46 11
3435854014 36 2
542538591642308 45 53
7715 16 85
45981 56 72
525387902 34 5
130 71 96
30027770 39 52
7449019 50 87
375509201 10 81
57 48 68
95 10 82
109 41 80
7 22 18
67 63 4
16 43 83
132 9 58
634082336211 63 26
75 52 63
58 32 17
15 94 82
49 54 5
113 11 44
39 70 85
960721276483 82 88
115015200479 78 92
208640885 5 97
618 10 6
83 38 35
78423753974029 75 8
145 15 65
643348659 34 1
78573728450967 60 43
147937144941 21 70
874666969 36 61
26 60 66
59 94 2
78 81 24
138 29 97
94 54 42
36 21 25
289721933157 76 61
57 27 42
122 91 61
102 46 79
96 10 61
41 38 70
65 95 46
30875 7 26
515 78 41
19 62 7
420522 81 96
116 70 32
197724031219 34 89
4005064 28 52
1 30 84
137 16 61
196631 89 27
15 16 45
47 7 34
945366232982398 53 15
95 54 94
25 48 25
95 10 49
21 76 88
1 45 100
18 11 12
44 7 95
4 31 44
4 25 98
5750 42 87
51 96 2
45 27 80
82 26 19
537 2 30
125 48 58
6349 23 64
283157829487 39 94
88462387338836 88 31
53102987817 6 2
215584 45 74
891165111 77 5
67 57 2
16 38 57
32 40 97
126 36 41
30 97 30
109 35 49
43 60 65
5698780 28 67
51754340677494 27 63
91 60 74
81825582305658 39 21
103 14 65
16286291820310 57 81
29 10 6
11 8 47
90677 47 99
459050965166045 65 0
206236688170 20 55
39 41 63
47117796 53 28
765541495003 61 4
80 69 15
51 86 39
55709985859 76 46
140 12 24
543144451021553 79 0
136 33 77
87 11 92
2964280 73 61
65 29 7
72 28 61
77 38 58
98536722975401 24 15
51 75 5
127 44 32
439380796194139 74 0
82 28 56
69 36 93
61207 8 2
73 24 17
139 9 76
13033463296 64 59
7 21 61
52 99 94
463946631869 55 59
3703970708023 20 39
68 50 66
43 53 36
94 63 59
43 53 85
102 98 4
6912 31 74
6 15 47
3617188223609 3 68
67 26 26
40180498 58 14
145 54 9
105 89 8
42011651367 31 92
327429568364647 71 75
93 26 4
70 62 94
441193196944 33 98
27 24 59
67 76 36
8611606 13 73
298222366113771 13 96
82 44 49
57 8 25
112 53 31
116 83 77
7 71 45
5 5 56
570 53 36
98 54 76
89 51 42
125 65 41
813969207398 27 99
24378558 94 63
3 96 8
896148 76 60
132 29 7
82 8 62
34 29 45
10747 17 29
34713386217 96 47
3280238 34 42
125 19 33
29 54 58
1363048573 99 51
104 44 86
28531201208 77 60
7 46 61
91 98 15
2949 60 96
863 72 68
65 96 23
112 7 52
44 62 60
2 49 65
867077 66 69
826467405281795 19 54
303358261069121 25 5
73853872 33 65
793921761888683 26 0
731428964537 41 81
136 87 84
82795534486483 48 12
31 12 5
59 59 22
24326557333006 18 50
135 88 93
71 76 77
31 64 62
98083790 48 73
13 4 98
991 88 97
8 62 12
137 89 99
92105 59 73
21 18 66
18515609920992 97 4
2020794096 81 64
100 81 43
38242907449698 31 64
5773944429275 25 94
9216409399 53 26
120 20 80
693799486 97 68
48236 77 48
20308445895049 65 0
93 44 72
67114 44 3
78 94 92
985479331 80 92
434768767846 41 99
2905 8 61
7653138 98 12
77589084 50 65
140 24 36
144 66 72
82248082 9 73
5169265736 15 5
55489204160 38 56
137 15 36
6570 32 21
1876576 77 72
56702610021163 44 50
48 84 65
544584944728412 67 33
82 98 23
1 4 10
9164851236379 75 72
26038747 1 2
132 13 14
5549876 32 19
104 24 30
33 23 40
124 20 28
45592646450576 84 1
168 26 74
3 95 22
88 24 11
46 67 76
385502458120 82 95
428181197508 56 36
257211 8 68
919431824044 30 66
6189600875 89 79
67 27 47
111 65 39
135 84 99
28 14 15
12 24 93
6 10 99
110 19 57
32 12 58
4 47 92
110 69 23
102 83 29
356895612 48 13
18 59 19
427814 46 84
2379834311766 41 50
8 35 50
53186379 5 7
26 87 5
6705209051 9 22
67926 70 23
70 97 67
281837632002 94 26
71 74 54
6120432393281 27 54
832610194 36 26
13 85 63
10 5 47
124 10 83
83 14 69
39 38 68
60846036 49 68
1381176 38 80
8945053 41 93
34303678470 81 85
3126182170392 4 30
73 36 64
1 5 37
69 54 53
291549457845 39 95
31 72 15
85 69 31
15 90 95
6029 68 6
146 55 51
122 8 1
757579821575774 37 65
21268782988811 97 99
684842 2 87
538323485042954 100 0
92 18 57
141 50 82
755949 9 90
72 4 54
72 81 91
42859525142036 31 26
26 83 68
31973477 83 59
788900 75 3
131 63 50
23524 61 59
21 70 52
8 93 67
9 8 27
38 43 89
93 86 87
2 90 81
23420276839269 81 2
9 5 25
64 36 39
754699525200 57 53
120 32 22
112 51 99
223200341122331 44 0
1 48 94
8814 82 34
58 72 99
124 5 36
34 9 69
62 56 38
99 99 28
22678641159 77 1
964927 87 79
64 21 56
807020366949377 59 100
1 78 48
69067216 68 67
27 18 70
499237476777 32 11
223856504 55 31
97 16 34
2238595698 76 32
137 36 51
89016782 53 69
150 73 53
594271666639 48 9
25 65 18
31172 71 5
1149595663090 59 40
126 19 72
54606505001 33 71
5621060985 94 75
994288777409 88 57
7 12 83
36 82 40
27 14 44
1 33 67
47233173547628 21 96
75987983883472 83 54
39 50 36
16198798788970 82 77
117 21 37
82 33 90
142 93 69
50 84 55
294891 72 27
132 48 70
133 26 23
72 60 98
138 44 12
85116328614 77 63
48913867214459 52 42
136 50 11
79 40 69
29 72 16
447050 52 18
85951060967850 93 22
48273509322868 29 98
61 43 89
123 16 21
1885811177 44 16
106 62 45
119 98 68
44 65 22
113 71 81
645 33 53
37 67 53
5 95 75
25 23 33
10 47 29
1607 13 89
4025183997 8 39
114 7 24
131 8 90
5951577357134 94 17
455625228 53 89
43083319 37 60
357855 96 58
154 83 60
9913 17 20
9819 54 95
44 84 7
101 26 6
95723971 6 43
27943837 75 29
67 19 78
104 25 30
5 76 86
392836 92 85
22 70 88
84340561523 63 32
56 42 31
138 86 9
791371935268122 45 0
32 54 83
28 37 18
139 80 22
91 3 92
17 6 58
106 75 53
41 41 34
131 97 2
91856602 97 75
57 60 5
134 93 99
160933616697 45 30
34462484120 9 15
100 50 5
1 50 47
6 77 48
8 64 31
17 42 93
2994383927690 17 84
135569123 5 63
45 29 18
80 99 83
9 94 68
48 91 74
51164670713 73 75
23 61 56
1582 32 3
126922687365 36 69
102 98 37
2 60 31
91 5 9
211039747427 42 68
139 20 20
392294612287 69 12
3574696182077 46 12
1758284750 7 59
27 1 91
663176009 65 54
8 12 35
86370066100919 47 97
6349 97 92
24960748373141 21 87
76 19 11
127 59 15
11479 55 44
127 64 10
26289927 75 37
2708129573 36 16
5130 51 99
1926980867 77 13
333444957382892 86 49
74 76 69
206785875594700 26 8
426654 6 8
643903104 88 71
4800794313344 16 21
94258583687 43 4
15419961156270 82 28
4 58 64
39650268660751 7 77
67 2 76
8771466946 29 90
140 83 69
147 88 86
983175052 95 85
7769984995077 74 17
97 91 64
54 25 48
199176252 39 22
51 56 40
42 85 3
63 18 13
647 3 46
23351531 71 30
1 75 87
139 33 51
54732187 20 76
148 46 83
103 20 82
6800670112656 59 52
7324086808972 44 68
11 84 76
127 23 86
39275012 4 55
397 70 18
89 16 6
132 95 34
19 45 7
44626171838882 45 97
79 99 53
138 15 57
31 30 24
31 82 77
6768 31 90
133 46 60
4627775243 47 77
45 59 34
18 71 61
26 63 20
61 74 8
735698 24 90
63 16 41
61017753871021 95 87
5927083222 30 13
20 32 31
6166 38 36
411931966497846 24 23
379 15 24
108 61 26
2651794 71 52
71 39 72
3857 38 94
21 96 11
5244 15 29
116 10 20
757249244113544 22 0
98 66 11
4847430857 55 10
766981820391656 75 90
18568769 92 66
8003143 82 94
7 50 79
36 34 10
51 16 62
439 84 35
43 54 20
877798244373 36 71
108 4 25
92 46 16
527786 89 5
49 55 10
351 82 48
27 65 72
161474688 25 31
574636936343931 75 77
75 76 59
379 55 72
3091429 46 84
681198578 49 72
72 6 1
11196 25 63
95174553923 78 71
19 20 57
632782505856 95 43
332645953 42 38
36 19 52
841546769 50 55
3 41 34
405 22 55
10 9 53
111 31 31
51605652016673 91 28
158416404774268 70 12
123 80 19
139 64 97
45 82 29
7949926 83 41
92617 3 18
9 75 42
245643500725896 52 19
10 91 56
623178 84 74
340051402070 38 36
69 7 13
4255 14 39
93 15 22
143 27 93
125 71 4
114 75 31
70202316 60 80
129 99 40
103 43 47
942 82 13
5033876663917 75 35
662115843 63 54
80 82 99
7 12 92
6 82 92
2220586497 0 0
27111703 26 63
374435540666666 74 100
7525 31 21
88 25 83
136 16 43
83812522525 48 47
124 1 41
81 71 9
2 50 14
125 71 23
88 39 17
149 83 22
488907759460281 71 39
33 7 23
3 78 92
4 88 57
132 41 61
42 82 69
580566 67 65
70 3 30
57 45 24
162040077395795 60 0
108 71 14
158737 28 53
95264165155 52 36
91 73 72
1535690 14 92
8325 52 76
37 52 26
6505759850595 80 34
34 48 13
36443750 99 2
68 16 39
143 68 93
552 53 57
96 95 77
184818 89 56
124 67 94
604226 21 73
618863745 58 34
6769976905 75 92
90 16 17
110607129817976 99 12
675370 15 87
2 44 50
5 60 64
73 68 50
48 30 59
6258 98 47
567372074 9 92
51 95 95
144 93 39
42 74 30
562319795908 7 79
682674058272661 91 84
142 87 20
60581505847 88 31
3 15 96
3456 66 70
8215326 89 33
90 17 11
85972416925894 7 32
19 48 80
9084826559900 31 86
581080808832 67 4
24 75 67
74 41 60
93 35 49
194 80 91
6110674 10 38
134 17 45
128 94 45
188855457985 17 24
25 74 93
92 84 4
68 23 1
809 79 67
44 68 15
21 34 32
63407 28 84
138 63 52
15 15 16
705369115165776 69 100
281278378278 46 39
1535302207630 90 16
126 61 16
51451 40 78
9857973 56 54
14045359 25 43
27 57 70
2 28 28
63 71 79
867 18 68
31328035173 10 58
44710289 1 89
1020 59 48
1344336558 28 7
60 27 64
70 87 70
65 89 86
31 78 44
149 41 88
106 51 6
22 97 32
97 18 25
4946955045369 64 27
15927061149 8 52
800351863603 63 63
2669228918508 10 6
115 92 18
128 30 32
104 25 8
5 76 63
3885321697 90 59
4 98 40
143 86 15
35 51 3
4648771449464 20 56
1480 67 85
220 36 11
11 96 23
2 50 93
20 80 51
53142252630 48 80
1193610 22 34
46478914 34 99
848568924962 44 17
130 38 4
36388 99 18
2399 49 5
9879 55 85
87 58 97
103 56 25
112980416 7 32
52 4 11
406 75 11
104 44 31
60 8 64
6 75 15
8660 8 65
26 32 76
50 84 75
123 61 80
137 37 87
93 25 56
890712609 31 62
31051429526 87 61
21 13 38
88 20 17
923426143476 46 56
93 69 68
828 89 32
87 9 95
6 75 92
471365642509 16 76
18 59 59
45 92 71
6540201 10 22
7 81 39
61 39 4
137969 18 77
28 20 75
23 15 48
334 92 10
551415101531 27 64
2 60 56
135 88 80
7874 3 78
29 26 83
38 85 45
25 31 7
4504776 91 48
24 96 11
140 37 82
61120202 45 7
59 36 66
78 78 84
10 92 17
24 29 9
84 83 98
8 57 28
1447629190783 52 8
360 89 7
3 80 33
266910503309 66 84
22 77 88
97245 82 91
27 37 66
5711 63 21
3987256 21 97
44 2 12
8001592700 47 80
11336841416129 24 62
57750 35 98
89 88 10
44 85 62
36 59 9
127 39 5
127 17 10
22 12 5
5 80 99
31 48 8
3664 79 86
9378995709604 85 22
20 61 88
86 26 69
3 38 70
128 80 37
8 37 98
4617119912 47 18
60 2 29
53 82 88
83355390543 50 81
586792470235 40 81
123 21 81
27 56 78
111 47 85
124 24 17
63 69 26
21 16 33
255824784802 4 37
58 49 73
623 91 64
621538753345666 27 49
64 86 27
63890294420 97 63
52 68 46
85067833 74 6
43136667 68 22
113 41 78
121 30 48
6802417138 39 18
76 50 12
7150745 39 31
119 33 64
15 76 2
23 83 73
78 56 81
7977269753529 18 37
77 40 29
100 20 28
2884 81 55
58712364 69 78
93 99 75
3 85 61
756204444753 20 24
774 27 17
782 85 33
60 33 45
92 80 79
22 38 56
122 14 75
478531486249200 35 0
7474441694 84 49
66 29 17
23 75 41
236496051218 52 3
8 16 88
716889096160 48 33
79 30 59
66278434 4 77
94 71 90
2 50 85
818133955022 86 98
28 16 48
136 99 6
5 97 97
20051048752 6 71
956403 17 54
838 45 51
600277306366464 34 100
58 11 33
51 78 50
556 13 40
47 80 21
29 49 19
107 87 19
367013 1 2
148 47 38
7829503776918 79 53
972969566228 15 79
23 41 9
569375307443 22 54
45 85 71
1 22 5
106 38 73
26 95 22
2425185 87 85
41 64 88
129 41 78
31126261062 48 87
7539279373428 2 50
80 66 77
57 80 47
4543167931 95 63
50 14 49
55 41 95
121 10 61
84 12 65
81649898878 78 20
57 55 12
72 46 60
8 89 35
2 96 84
2078904333489 87 37
126 28 68
4 40 40
134 37 48
42 78 27
8009218 88 82
50 16 6
5 9 6
10 31 46
57 65 50
115 91 54
16814320981 98 1
4964127 69 31
8 20 23
1 41 0
615631055690 67 42
796812 47 33
115 97 94
477 9 8
45 17 51
30 45 45
109 23 39
5181307602 30 94
53 91 14
1 50 49
3589285133860 3 45
72 18 67
127 35 87
21 72 33
24 34 31
139347932557 73 99
5 5 75
935974 85 8
188736 83 20
54 96 98
17 82 44
4493273 58 92
4191390649 31 59
72 72 79
9 5 22
54 48 6
321011075939 64 80
9206890879 9 91
87605122128 76 73
9099281318 58 84
8 76 69
28 95 72
1550656 6 93
76 31 24
407433276 71 8
45 56 1
476632825119092 77 100
81 32 67
1344488 64 48
56574679 31 44
99 23 74
35 87 23
759644294602 60 14
96233332237 20 90
67349 86 79
372 64 27
45 12 36
132 26 78
173399978333 68 57
64 1 74
3 46 44
65 87 31
5241411263630 79 49
18 49 32
8 52 10
1964 61 12
128 15 71
9016 17 96
71 15 72
78 71 51
8276 42 83
22 77 10
49171303114177 62 27
21 83 33
63 86 12
9388797234 95 64
4247 39 34
101 87 98
81 28 2
29 71 58
26 11 90
93 78 47
34 48 89
7068 50 48
540 77 75
213 21 20
9601007726926 33 72
53 61 16
78809093 63 98
6 39 35
4760830 80 28
134 7 40
80 45 40
667 89 48
26 21 17
195328588073 37 20
39829221045 100 100
147 35 7
6947465215141 4 50
681 12 22
39 81 45
2 63 95
63930495874 63 32
7208112 55 90
161032 32 27
487910433242 48 40
144 17 45
107 18 50
63854490769 47 45
77 36 89
145 39 54
87892200125 46 46
60 73 65
12111 30 63
204446128634 46 74
52 96 23
103 81 42
64 10 47
1 74 13
9039 80 36
9177500694 29 59
74 68 49
1249606846770 37 92
67 12 30
94 62 26
123237036276871 29 100
991098390025 19 55
30094402241070 11 27
114 78 90
59 2 1
4 51 43
124 43 51
5 32 87
144 77 90
93025 14 53
22 1 92
9989746840 26 97
30 71 41
142 91 83
27 70 49
73 36 12
84 75 29
136 74 90
33 62 17
147 83 99
107 97 17
9 51 79
3196201 96 35
138 1 52
110 34 31
119 54 67
25 53 99
73274357925123 45 92
2501378 11 30
35543728 99 91
25 64 31
86 39 37
92 84 89
230373 30 94
675701232921 7 73
84 79 5
71 15 24
16 39 23
27 77 24
39898254767848 91 30
75 89 42
30 65 19
116 51 89
39709324713837 61 23
17 15 68
27 48 50
84 91 41
57 88 54
131 16 26
2 25 46
141 81 20
58 19 27
86 45 77
86070249 16 77
65 35 47
450532642099906 74 75
11 4 85
8113288609 71 45
97 60 36
137 16 1
36308 95 66
28 89 21
67 44 86
3106677546809 95 27
92 49 78
4395 85 99
8 9 29
22 64 51
857275 90 92
5989051702 23 22
135 65 7
54 77 93
90191007995149 62 94
111 94 97
62 6 21
803078399590 8 78
5 76 60
117 56 69
4569502419362 27 51
768636053 75 98
871972073995 31 17
8916 48 59
324850005238 25 51
13 82 18
82778811061542 26 84
45039340000 60 22
54 71 94
1287005835 24 1
103 89 34
55 45 73
128 33 63
21194 66 83
972062834245315 17 56
494356490036033 34 99
253525537633802 1 6
645 60 50
429299918628566 55 100
51373375010 81 67
1280272389 59 69
823526451105116 50 100
27 43 61
847597 27 97
142 97 53
31996283754 92 72
56161 95 86
66141 89 84
45 86 73
34 62 74
14 61 39
7339378289108 19 50
5583510811719 88 38
141 41 1
35 94 37
17 47 2
59 41 61
2858617 94 94
926748335993238 94 100
5270460 15 96
3 25 39
6890 0 100
51 50 67
89 48 74
106 24 54
705 69 16
131 99 21
3349699193 89 56
92 85 70
27708 26 67
62987892120448 99 88
4 15 78
60 1 10
77647306437126 97 100
48 8 68
6444259857455 88 35
42 60 66
102 20 29
62 32 8
97 3 91
2609740019412 36 31
20 82 43
146 40 91
8522 72 85
1 30 82
127 9 17
1826973450 44 2
302980397 2 55
23 69 25
129 85 36
9746 79 89
50 89 3
106 29 56
52 81 55
9876 69 74
85 4 80
6 2 36
2 86 45
707803603537291 73 64
108 85 70
13 46 29
23481535 90 65
81091438176 28 51
92 2 81
746 83 53
245 41 93
47725 49 35
111 32 22
87693713 36 36
867287364 88 11
39 52 80
3 90 62
132 70 24
5742041849986 65 42
6147561 63 31
141 24 78
86 63 34
120 65 7
106 5 17
48475 43 31
24 5 7
17051063409 19 11
854689478 29 67
44 93 78
657485853836305 21 0
6849118640 45 40
2393 21 83
96 80 57
78057309 35 59
58 41 38
55 61 89
18 22 10
149 12 96
79891140638449 42 50
692646874679859 97 30
475563348 83 34
16 6 83
5598846287 28 19
46055 25 73
75 81 33
82 58 64
26 63 47
880542754778634 69 61
132 38 96
2 28 7
1000000000000000 7 27
9177 43 99
52 56 40
64 64 76
45770938760804 69 94
109 47 77
2 85 89
4 59 63
86 99 94
47 15 65
34 27 74
48 46 44
9202194461653 93 44
66 47 68
1150 34 95
17 51 85
133 1 47
72374 40 57
103 4 82
365316 78 86
114 15 67
6 87 78
116 28 43
50 67 41
127 12 54
8 63 50
671368681 82 6
828095843 37 98
358305956791189 49 100
15471265900 19 68
2661363331573 65 23
60 39 31
8 9 24
97 51 57
89 38 40
46 25 8
82 79 94
38972206 67 72
65 38 53
72565959 73 1
137 39 33
68 27 2
4547454950136 68 93
112 25 38
60 57 26
44 43 26
113 45 64
8496161507 48 84
45099756416 45 84
28688335567101 31 14
106 93 17
9724783363 86 54
65 69 97
740 79 41
8297 65 92
20 75 16
1 42 64
97 52 45
18398898676 3 57
50822 24 19
761124384980632 97 0
25 32 34
23 52 60
34444636055702 76 87
55 83 74
749006761082619 51 21
74 46 85
684848287493 78 73
114 32 23
63 91 79
519337656594406 60 0
14 3 23
31 34 56
87100462521 93 25
796125149771559 59 60
75 16 20
106 43 8
740298 39 8
10 69 94
14 22 69
150 82 14
128 59 72
78 19 58
140 35 72
2092323 42 60
12 41 88
47795585 73 5
130 20 9
192923361598 63 46
7479314 68 65
3116552438551 34 59
563953 61 89
89 55 59
933564 79 36
3545090524 43 10
876728 47 37
70 4 28
2837522769 4 37
50 31 14
43848802332529 26 25
32 16 95
17 66 50
9345259 12 33
659923496 76 95
2119354 33 31
26329839488 30 66
92 50 35
13696293 34 30
7706424 58 16
1 33 54
2994050258154 19 34
1515634 82 72
55214499859020 22 78
941802461344 20 34
89 22 54
86013444 30 81
61 30 61
620852129084514 69 100
25 4 36
43681 3 81
20922485460601 28 20
208 20 45
6765342 53 84
65 83 42
93 93 31
43 55 30
100 75 33
114830430 73 66
31 55 38
1 5 29
57 61 79
56 22 37
5503447 33 76
3889240387 32 68
134 54 6
109 8 30
830842242 12 48
91 58 48
72 75 90
30 23 36
88 16 73
27 30 16
13 71 95
91 29 32
148 41 37
61 87 78
206284701986692 58 0
92737 74 2
88098720 21 70
893729961 90 46
8 41 14
90 98 33
457717110962 5 85
49 32 86
90 95 47
52 64 49
64 53 55
27 99 44
43 12 50
46 89 93
107 54 22
8340308585384 4 86
4339 37 7
20933 13 16
239490829216 26 40
1 11 82
5878 92 80
1 10 74
7070084024022 70 90
128 51 12
94 35 60
8 40 78
3 28 32
55779786558171 1 92
25 57 1
11 70 64
133 38 38
95 4 39
75 86 6
50 16 32
14 10 68
2 9 27
821045570757978 86 0
8124255 88 51
48 92 65
78 31 85
5616 58 5
35 84 56
22534 16 49
3 69 21
18931 60 5
94386290772 70 41
564258 33 49
124 82 18
51498871247 22 16
31 36 41
140 89 30
141 16 85
82 66 31
38 76 80
708660114446866 50 0
343334 75 77
60924115222 45 71
107 58 11
134 36 38
24449206 30 1
545479630273 48 17
636118418200858 64 93
69 28 48
32 60 39
827266 49 99
115 62 47
7187 2 84
136 1 80
915950867 73 48
4 14 27
21 39 8
84 17 30
388256276239 85 89
139 35 91
9 40 7
146 26 67
132 96 79
108 95 59
5896 42 35
75 45 3
7588 97 33
10 82 67
64 2 62
7155772329984 58 66
5 54 70
5 77 84
421046154 22 98
81 22 47
1383902290764 21 74
84 25 41
315814 30 72
13 8 53
107 42 89
923144 70 7
100 26 42
93 55 1
31 96 54
7379607 25 90
52639870417 74 33
982452247110 73 43
966603439 58 24
684 63 1
123 36 64
133 62 97
61 48 25
363728928 45 15
3 85 64
1468852 3 20
785528474114912 34 100
804362133367173 34 45
123 89 75
62 28 96
4535716 1 41
56530162 56 81
882928997088552 68 0
139 57 18
116 57 95
47 52 49
96 50 20
1 96 29
28949287553403 46 74
291879079642 82 55
9096 95 82
452243 87 63
83831684208366 27 12
3 63 41
26319 95 8
9822671796098 72 57
617 59 37
75677145206860 42 59
3 5 61
698821517 10 15
100 50 79
126273724495840 24 0
133 15 47
646395867833048 35 97
39107654296 19 40
31251909 33 6
54 1 33
9118949043600 46 60
37 81 24
4241 3 82
912720257182 39 81
155256267624242 3 1
65 23 31
224615433384 60 45
23566197865039 92 31
68 77 83
359850 44 53
9800 22 42
9492661 44 63
484449 54 58
124 71 48
132 15 43
95 45 34
73 39 34
6 30 35
5616268608 77 17
627039236 40 2
1 69 98
4260284033 51 64
139 9 84
13450796 83 91
145 15 11
127 51 63
3589552 12 71
83 16 76
3 82 93
33 47 52
176844408249 64 70
54 71 51
71688343 81 69
729917089331 95 3
95 12 91
78974183282 55 81
128 47 22
9 88 82
651549 23 81
21 65 12
29 91 26
134 26 89
39 55 21
1 37 1
80829968545308 40 35
112 66 43
121 21 64
90 73 3
45 87 71
28 20 99
40 27 60
95 70 78
9 48 88
507509442 42 88
3928682249708 4 73
45 95 45
74930836 5 47
61 20 41
49 64 31
4 94 92
120 6 55
14397040741338 53 67
23 83 75
4 19 23
12 14 13
790077 41 56
87 10 71
534159268092668 66 18
14249 75 57
29 69 25
66066298438 24 64
176426 16 26
54 12 50
103 53 67
83 33 36
119222 23 68
13 73 60
3 53 86
142 68 95
5 98 71
504295952302539 97 21
145 87 99
44015277584443 61 2
75 22 1
128 17 71
8 51 20
59330619613191 18 22
206947141 37 23
51 52 34
67 14 68
61 20 73
58 50 83
671981818680150 45 100
122 87 84
767048 65 13
5616687 19 49
83 97 49
578 10 20
2251 68 63
943 16 61
84736 58 88
7730129437670 38 8
73 35 33
29 37 67
9662148437221 91 53
3 2 11
21 76 55
61 50 26
22 57 89
1000000000000000 80 0
389 7 81
5745 19 77
47 23 38
24 88 59
72 82 60
83 18 51
134 21 97
87690 11 39
135 55 20
9157121165 31 61
888496052 6 42
105 93 45
112 21 29
253952460550877 18 74
41959 31 14
21832352449 2 59
717105 19 35
93 68 2
172910696848700 34 62
573 9 19
92 50 80
984529689 38 52
35 88 50
36 91 11
1899067040266 62 19
29 94 96
22023805804 69 6
79817646426 97 1
141 80 12
17 76 43
24 40 82
26 46 14
72 36 50
138 44 10
23175156043128 34 5
6 14 84
77695602625359 60 24
1596099 42 47
80 58 99
15 23 96
38 82 32
132 19 55
297 38 63
150 8 62
142 89 22
4587596586387 97 86
102 11 42
551524 50 22
131 44 78
5973 7 48
28670828 74 26
95 53 67
72 57 30
107 90 59
1182062189 7 94
100 21 12
9 9 43
2924 93 13
1 83 12
127 27 25
1054201505 16 79
58922 19 86
115 31 25
98 75 52
30 87 33
8378149129 31 66
27 42 38
124 84 86
70057039 51 4
53949309 62 41
38551674 57 42
144 5 23
146 8 86
57 92 10
3 48 93
86 30 87
10 17 59
98 66 2
5408349896678 94 87
42 7 22
5208164532 88 6
122 83 84
91897434803000 90 23
612769116 47 65
234551613364712 36 100
79436711 39 4
37 18 84
1674 15 66
9743238 73 65
101 16 1
102 8 81
135 13 2
19 35 57
947382 31 71
131 19 25
84 79 51
921864327064945 44 41
326714469539152 89 100
40689722613 50 49
56 32 69
147 67 28
1239826724 82 70
82 10 20
106 23 8
150 92 91
88 78 74
18 23 49
138 77 42
25521786255489 72 64
960520062 35 10
22460029213291 38 56
816351727816 40 21
36 90 46
14 88 31
91 75 27
7 18 74
129 10 85
5 52 63
98 9 70
541695311 4 78
18 66 72
4701919533019 62 18
141 65 75
77 59 6
63 81 69
