100
2 46 8
7 100 0
10 58 58
6 75 67
3 20 72
10 30 8
3 38 86
8 17 91
6 41 35
1 8 100
8 71 59
10 27 49
7 70 93
1 67 0
3 75 62
5 10 44
10 64 78
3 82 7
1 50 37
2 6 57
8 2 60
1 69 74
1 0 0
8 50 0
10 30 16
4 0 100
8 20 23
2 1 96
5 7 61
1 65 65
6 20 29
10 90 76
1 50 13
2 46 28
9 70 46
7 59 66
1 86 52
6 31 70
2 18 76
10 3 34
7 98 54
6 80 2
3 75 40
10 35 0
2 50 20
9 7 72
7 27 61
10 64 51
9 18 21
2 25 48
10 68 23
10 81 16
1 37 40
9 90 84
4 95 83
10 55 92
1 50 47
2 84 47
8 23 82
10 76 23
5 9 5
10 8 40
6 97 54
2 29 20
8 70 81
9 19 97
5 98 70
4 25 54
10 18 88
9 45 29
7 58 49
2 76 14
2 20 97
2 10 70
10 30 77
10 31 96
4 60 57
7 30 11
5 25 1
10 95 5
10 43 65
10 94 65
1 10 13
10 70 61
9 96 59
2 50 77
8 100 100
10 58 76
4 60 31
2 50 16
10 45 19
5 22 28
10 16 13
7 86 44
6 50 100
3 76 52
10 97 55
10 15 10
9 67 20
10 85 76
