100
9997.73166 1.06764 99934.51488
738.66507 59.32295 54.70827
2297.00000 2.00000 4594.00000
1068.0 34.0 32652.0
1.05239 99.08744 99999.23580
9997.99105 1.27548 99900.83793
9998.39928 1.33754 99948.63734
9998.87118 1.43897 99996.51489
462.86 9.933 1213.490
644.71678 38.15511 1215.07093
9993.89540 1.38529 99954.50303
9992.95295 1.21162 99965.65191
310.82 85.339 857.09430
234.6 5.3277 17.0
9994.53857 1.33280 99993.25440
2123.0 79.0 56738.0
9992.65044 1.30087 99926.55679
318.36609 53.69881 1138.81432
7530.00000 74.00000 7650.00000
443.861 80.35 130.2590
544.234 26.74 12.0
1.02108 99.16866 99999.72478
126.69086 20.14422 713.91239
1331.73354 33.45335 833.29727
9993.01652 1.27794 99939.31506
9997.71865 1.29747 99990.76584
9990.17928 1.42348 99992.94795
9998.04808 1.38963 99913.23596
5058.0 43.0 78800.0
277.09935 53.7 258.77
173.72914 69.82160 431.22379
318.66570 48.09615 438.32212
971.9033 55.0 496.11
59.53519 82.79324 85.77987
829.36826 63.41015 318.10961
569.45558 58.05 207.00
1404.58082 65.04340 927.87434
6854.00000 92.00000 6917.00000
9996.08738 1.43273 99956.57311
4403.00000 2.00000 8806.00000
1093.56541 78.219 459.10
7512.0 100.0 44308.0
9997.79434 1.03574 99985.33490
9990.34869 1.11901 99920.45406
182.0 60.0 10303.0
7166.00000 26.00000 8016.00000
1149.21733 31.89042 248.82327
6538.0 100.0 61554.0
1031.27848 74.36451 565.15829
9998.43087 1.28148 99947.21625
9996.27074 1.47301 99928.92051
1906.0 53.0 95173.0
7009.00000 3.00000 7611.00000
1.06442 99.29504 99999.66983
490.83875 74.12014 45.62671
9994.19574 1.48888 99931.73141
9998.84195 1.04848 99975.57308
1.09643 99.37079 99999.48649
590.40542 3.61569 254.80093
7210.0 59.0 42058.0
966.49144 19.78520 301.94967
1143.36022 58.88216 24.34758
91.86719 87.5 244.0
670.70638 68.45187 231.89783
9998.70934 1.26359 99949.73039
466.00000 2.00000 932.00000
9991.77154 1.45952 99967.62448
9990.76856 1.22251 99982.44527
667.40998 43.00794 380.77665
1031.0 43.91833 213.061
9990.93155 1.37653 99941.17803
9995.95836 1.12481 99962.25910
9998.84034 1.15594 99928.02292
9997.63165 1.38721 99937.08562
9994.07101 1.24930 99948.93600
617.074 7.77 581.96
9991.16299 1.12699 99983.36877
9990.14035 1.34576 99957.54288
10000.0000 85.9996 279.0498
333.040 16.0 1123.32
497.8862 29.2897 456.3872
405.42874 85.10521 614.34818
9996.82417 1.24319 99908.02316
685.4590 77.1992 925.63189
239.4009 100.0000 216.43902
9997.74100 1.36089 99945.65145
1285.0 29.52490 100000.0
1020.19971 27.00795 624.67010
9991.85269 1.26777 99999.93288
9995.04439 1.47138 99924.70203
9716.0 36.0 51960.0
311.0676 12.109 372.68
2957.00000 2.00000 5914.00000
9994.03564 1.38275 99997.24322
9995.57826 1.02554 99928.09843
5810.0 38.0 46196.0
4.74293 43.76230 15.57017
486.0 89.0 29249.0
3894.0 39.0 97929.0
6582.0 4.0 34311.0
