100
13.60595 1.98488 1056.65170
352.0 4.0 563.0
1.07866 3.22240 1999.57936
193.63826 1.01904 2000.0
65.19406 2.11171 1099.82008
146.902 3.942 741.63
493.01096 1.01273 1989.42762
254.964 1.0000 1547.73
492.43144 1.40390 1909.30004
81.81668 2.87856 1311.77002
490.08995 1.34147 1905.36491
399.00000 2.00000 443.00000
492.41918 1.33039 1908.14749
400.00000 3.00000 410.00000
112.0 4.0 1821.0
165.0 2.0 1584.0
474.00000 1.00000 516.00000
492.24477 1.08275 1910.64386
151.74731 1.22602 1496.09079
331.43874 2.16456 1130.61571
394.0 3.0 1914.0
1.43782 3.29333 3.14612
131.87938 3.46280 479.11325
497.20918 1.03136 1995.28373
498.61842 1.17164 1934.14377
9.38889 1.47062 780.37649
494.46914 1.17622 1928.45662
500.0 1.24265 1025.580
495.55110 2.47355 1598.18820
301.00000 2.00000 338.00000
356.75354 1.33440 1844.91014
497.14379 1.02704 1989.12090
498.40411 1.21607 1903.83551
1.00887 3.74489 1999.78464
498.23966 1.08366 1969.37717
494.65864 1.10626 1938.40775
385.00000 2.00000 770.00000
233.18911 1.22388 685.22793
101.15258 3.43220 1566.87684
490.76808 1.49809 1999.93942
326.06731 1.931 1321.72611
196.00000 2.00000 392.00000
358.4 1.296 1622.8126
492.37758 1.25791 1987.06585
256.24 1.7693 1178.11
267.00681 3.15676 562.45578
160.98262 2.80427 1784.76944
490.37595 1.41387 1977.77971
497.53298 1.10567 1961.20044
195.61887 3.27945 1515.99215
89.29153 1.78772 1197.92613
497.03411 1.16241 1951.01239
497.60124 1.01581 1948.34162
28.0 3.0 1373.0
398.00000 2.00000 796.00000
1.02742 3.44309 1999.02897
479.07 1.7078 358.5884
116.0 3.0 319.0
8.29 1.6263 1969.050
477.0 3.0 1902.0
491.53762 1.08217 1952.95252
115.0 1.0 1951.750
1.0 1.194 1912.69121
428.61561 2.29171 127.70195
60.243 4.00 687.6889
296.0 2.0 592.0
495.86477 1.11426 1948.79915
496.57701 1.27615 1931.37871
180.0 4.0 753.0
497.69686 1.27845 1931.52177
493.18432 1.39008 1982.62648
493.80368 1.36635 1903.06771
488.0 4.0 1160.0
377.32016 1.27411 1661.02313
494.15764 1.11145 1987.24284
219.00000 2.00000 438.00000
109.657 3.4479 35.99013
200.03 1.804 316.0
461.0 3.0 220.0
463.6 1.6 1553.13492
1.09422 3.88558 1999.01911
227.0 2.0 1151.0
490.03314 1.18583 1934.51899
138.29016 1.02842 1780.1959
20.41469 1.26409 1540.25242
493.27513 1.06030 1936.56207
493.85417 1.26655 1957.34115
492.11005 1.07691 1976.73544
490.83684 1.48954 1960.65369
89.969 2.2 1.000
395.70 2.0 1048.0
492.04710 1.49143 1962.14682
96.67479 2.86752 1873.28387
396.0 3.0 653.0
69.72006 3.50574 1713.22313
493.55251 1.29610 1978.47203
492.66923 1.08087 1996.78356
229.0 3.0 171.9
497.39982 1.26014 1956.52955
497.50913 1.15880 1914.21605
